"",9.200
135.0000,0.0000E+000
136.0000,3.3716E+002
137.0000,3.7980E+002
138.0000,3.8311E+002
139.0000,3.8290E+002
140.0000,3.4334E+002
141.0000,3.4967E+002
142.0000,3.8294E+002
143.0000,3.3290E+002
144.0000,2.4514E+002
145.0000,2.5101E+002
146.0000,2.6373E+002
147.0000,3.1995E+002
148.0000,3.4932E+002
149.0000,3.3793E+002
150.0000,3.2076E+002
151.0000,3.4410E+002
152.0000,3.5398E+002
153.0000,3.8686E+002
154.0000,3.2364E+002
155.0000,3.5872E+002
156.0000,3.6992E+002
157.0000,3.7287E+002
158.0000,3.4147E+002
159.0000,3.7101E+002
160.0000,4.0630E+002
161.0000,3.5839E+002
162.0000,3.4020E+002
163.0000,3.7550E+002
164.0000,3.1783E+002
165.0000,3.1530E+002
166.0000,3.2814E+002
167.0000,3.8635E+002
168.0000,3.9526E+002
169.0000,3.6638E+002
170.0000,3.9126E+002
171.0000,3.8906E+002
172.0000,3.2629E+002
173.0000,3.4394E+002
174.0000,4.0127E+002
175.0000,4.0077E+002
176.0000,3.7655E+002
177.0000,3.6714E+002
178.0000,3.8302E+002
179.0000,3.7366E+002
180.0000,3.8332E+002
181.0000,4.1505E+002
182.0000,4.0500E+002
183.0000,3.9015E+002
184.0000,3.9744E+002
185.0000,4.0408E+002
186.0000,3.6388E+002
187.0000,3.8252E+002
188.0000,3.7755E+002
189.0000,4.0161E+002
190.0000,3.6695E+002
191.0000,3.9206E+002
192.0000,3.9875E+002
193.0000,3.9947E+002
194.0000,4.0293E+002
195.0000,4.2268E+002
196.0000,3.7195E+002
197.0000,4.0192E+002
198.0000,4.1236E+002
199.0000,4.3188E+002
200.0000,3.8621E+002
201.0000,3.9569E+002
202.0000,3.8574E+002
203.0000,3.8861E+002
204.0000,3.5476E+002
205.0000,3.8488E+002
206.0000,3.2978E+002
207.0000,4.1254E+002
208.0000,3.7698E+002
209.0000,3.3318E+002
210.0000,3.0463E+002
211.0000,3.8748E+002
212.0000,3.8230E+002
213.0000,3.3725E+002
214.0000,3.4620E+002
215.0000,3.8449E+002
216.0000,3.1612E+002
217.0000,3.7855E+002
218.0000,4.0690E+002
219.0000,3.8955E+002
220.0000,3.8894E+002
221.0000,3.8101E+002
222.0000,3.9667E+002
223.0000,3.9892E+002
224.0000,3.9983E+002
225.0000,3.4895E+002
226.0000,2.8612E+002
227.0000,3.6732E+002
228.0000,3.7650E+002
229.0000,3.9897E+002
230.0000,3.8504E+002
231.0000,3.5499E+002
232.0000,4.0693E+002
233.0000,3.5790E+002
234.0000,4.0901E+002
235.0000,3.7420E+002
236.0000,3.1954E+002
237.0000,3.1647E+002
238.0000,3.3638E+002
239.0000,3.7282E+002
240.0000,3.9594E+002
241.0000,3.7229E+002
242.0000,3.8031E+002
243.0000,3.6608E+002
244.0000,3.6361E+002
245.0000,3.6675E+002
246.0000,3.2469E+002
247.0000,3.2033E+002
248.0000,3.3595E+002
249.0000,3.6266E+002
250.0000,3.3051E+002
251.0000,3.5816E+002
252.0000,3.9372E+002
253.0000,3.7125E+002
254.0000,3.7775E+002
255.0000,3.5025E+002
256.0000,2.8519E+002
257.0000,2.7546E+002
258.0000,3.7751E+002
259.0000,3.1016E+002
260.0000,2.8404E+002
261.0000,3.8721E+002
262.0000,3.7761E+002
263.0000,3.7944E+002
264.0000,3.2629E+002
265.0000,3.7345E+002
266.0000,3.7301E+002
267.0000,3.5746E+002
268.0000,3.6727E+002
269.0000,2.9598E+002
270.0000,3.7895E+002
271.0000,3.6418E+002
272.0000,3.7055E+002
273.0000,3.6172E+002
274.0000,3.3609E+002
275.0000,3.2663E+002
276.0000,3.5782E+002
277.0000,3.4537E+002
278.0000,3.4797E+002
279.0000,3.7142E+002
280.0000,2.8046E+002
281.0000,2.7995E+002
282.0000,3.6874E+002
283.0000,3.5069E+002
284.0000,3.8337E+002
285.0000,3.8647E+002
286.0000,3.8535E+002
287.0000,3.1663E+002
288.0000,3.2022E+002
289.0000,3.6552E+002
290.0000,3.5842E+002
291.0000,2.7323E+002
292.0000,3.1689E+002
293.0000,2.4712E+002
294.0000,2.8676E+002
295.0000,3.2162E+002
296.0000,2.3858E+002
297.0000,2.6915E+002
298.0000,2.6782E+002
299.0000,3.1887E+002
300.0000,3.2982E+002
301.0000,3.5140E+002
302.0000,3.7745E+002
303.0000,3.6535E+002
304.0000,3.8102E+002
305.0000,2.7949E+002
306.0000,2.4637E+002
307.0000,2.3718E+002
308.0000,2.8103E+002
309.0000,3.4333E+002
310.0000,3.0255E+002
311.0000,2.2831E+002
312.0000,2.2028E+002
313.0000,2.4719E+002
314.0000,2.2449E+002
315.0000,3.1666E+002
316.0000,2.0953E+002
317.0000,2.0900E+002
318.0000,2.1562E+002
319.0000,3.5539E+002
320.0000,3.4588E+002
321.0000,3.7980E+002
322.0000,2.3728E+002
323.0000,2.5143E+002
324.0000,3.0462E+002
325.0000,3.5498E+002
326.0000,3.6636E+002
327.0000,2.7134E+002
328.0000,1.8810E+002
329.0000,3.0603E+002
330.0000,3.4782E+002
331.0000,2.1708E+002
332.0000,2.0461E+002
333.0000,2.0357E+002
334.0000,2.0920E+002
335.0000,2.3479E+002
336.0000,3.3332E+002
337.0000,2.9609E+002
338.0000,2.8906E+002
339.0000,3.7845E+002
340.0000,3.8780E+002
341.0000,2.7550E+002
342.0000,3.3111E+002
343.0000,2.6696E+002
344.0000,1.8924E+002
345.0000,2.1171E+002
346.0000,1.9906E+002
347.0000,2.7545E+002
348.0000,3.0825E+002
349.0000,2.2114E+002
350.0000,2.6652E+002
351.0000,2.5180E+002
352.0000,2.2134E+002
353.0000,2.6292E+002
354.0000,2.8892E+002
355.0000,3.4899E+002
356.0000,3.7929E+002
357.0000,2.5902E+002
358.0000,1.8112E+002
359.0000,1.9111E+002
360.0000,2.0970E+002
361.0000,2.1363E+002
362.0000,3.2553E+002
363.0000,2.5561E+002
364.0000,3.0454E+002
365.0000,2.0826E+002
366.0000,2.1647E+002
367.0000,2.9580E+002
368.0000,1.8694E+002
369.0000,2.4570E+002
370.0000,3.3688E+002
371.0000,2.0736E+002
372.0000,1.7697E+002
373.0000,2.1720E+002
374.0000,3.0320E+002
375.0000,3.4255E+002
376.0000,2.7356E+002
377.0000,2.3521E+002
378.0000,3.2050E+002
379.0000,2.3075E+002
380.0000,2.9329E+002
381.0000,2.9504E+002
382.0000,2.9029E+002
383.0000,2.5308E+002
384.0000,2.1371E+002
385.0000,2.2523E+002
386.0000,2.7096E+002
387.0000,2.1319E+002
388.0000,2.1481E+002
389.0000,1.6264E+002
390.0000,2.3648E+002
391.0000,2.2777E+002
392.0000,2.1049E+002
393.0000,2.6735E+002
394.0000,1.6196E+002
395.0000,1.8030E+002
396.0000,2.3283E+002
397.0000,2.7047E+002
398.0000,3.5140E+002
399.0000,2.6172E+002
400.0000,3.2976E+002
401.0000,2.3536E+002
402.0000,2.8863E+002
403.0000,2.6226E+002
404.0000,2.9395E+002
405.0000,2.7819E+002
406.0000,2.0473E+002
407.0000,1.8578E+002
408.0000,2.9723E+002
409.0000,2.0980E+002
410.0000,2.6935E+002
411.0000,2.0738E+002
412.0000,2.1836E+002
413.0000,3.0675E+002
414.0000,2.3407E+002
415.0000,2.3705E+002
416.0000,3.0730E+002
417.0000,2.1145E+002
418.0000,2.2690E+002
419.0000,2.8908E+002
420.0000,2.3305E+002
421.0000,2.4221E+002
422.0000,1.8559E+002
423.0000,1.7559E+002
424.0000,2.0136E+002
425.0000,3.0700E+002
426.0000,3.6037E+002
427.0000,1.8771E+002
428.0000,2.0826E+002
429.0000,2.1663E+002
430.0000,2.8850E+002
431.0000,2.3079E+002
432.0000,2.5660E+002
433.0000,2.3458E+002
434.0000,2.7173E+002
435.0000,2.6718E+002
436.0000,2.3335E+002
437.0000,1.9735E+002
438.0000,3.0164E+002
439.0000,2.4167E+002
440.0000,3.1001E+002
441.0000,3.0405E+002
442.0000,3.0826E+002
443.0000,2.9427E+002
444.0000,2.2937E+002
445.0000,2.5461E+002
446.0000,2.5944E+002
447.0000,2.3621E+002
448.0000,2.5027E+002
449.0000,2.2253E+002
450.0000,1.9400E+002
451.0000,2.4727E+002
452.0000,3.5619E+002
453.0000,3.3667E+002
454.0000,2.1905E+002
455.0000,2.4966E+002
456.0000,2.7571E+002
457.0000,3.0343E+002
458.0000,3.2762E+002
459.0000,3.0110E+002
460.0000,2.3022E+002
461.0000,3.3140E+002
462.0000,3.3528E+002
463.0000,3.2288E+002
464.0000,2.8174E+002
465.0000,2.7174E+002
466.0000,3.1166E+002
467.0000,2.9776E+002
468.0000,3.2368E+002
469.0000,3.5558E+002
470.0000,2.3248E+002
471.0000,2.1475E+002
472.0000,2.4600E+002
473.0000,3.1027E+002
474.0000,2.7024E+002
475.0000,2.4827E+002
476.0000,3.2176E+002
477.0000,3.4108E+002
478.0000,2.3848E+002
479.0000,2.7277E+002
480.0000,2.8416E+002
481.0000,2.8369E+002
482.0000,2.9993E+002
483.0000,3.2607E+002
484.0000,3.7585E+002
485.0000,3.5252E+002
486.0000,2.5693E+002
487.0000,3.2723E+002
488.0000,2.7627E+002
489.0000,2.9451E+002
490.0000,3.0444E+002
491.0000,3.2942E+002
492.0000,3.2408E+002
493.0000,3.0332E+002
494.0000,3.7881E+002
495.0000,3.2238E+002
496.0000,3.1352E+002
497.0000,3.5277E+002
498.0000,3.4837E+002
499.0000,3.4784E+002
500.0000,3.8832E+002
501.0000,2.8622E+002
502.0000,3.5068E+002
503.0000,2.9762E+002
504.0000,3.4148E+002
505.0000,3.7204E+002
506.0000,3.3801E+002
507.0000,3.2682E+002
508.0000,2.8258E+002
509.0000,2.9662E+002
510.0000,3.1473E+002
511.0000,3.4358E+002
512.0000,3.4244E+002
513.0000,3.4476E+002
514.0000,3.6999E+002
515.0000,3.6368E+002
516.0000,3.1003E+002
517.0000,3.0724E+002
518.0000,3.3323E+002
519.0000,3.5259E+002
520.0000,3.6984E+002
521.0000,3.0916E+002
522.0000,3.0807E+002
523.0000,3.8538E+002
524.0000,3.6261E+002
525.0000,4.0356E+002
526.0000,3.7332E+002
527.0000,3.7639E+002
528.0000,3.5586E+002
529.0000,3.3940E+002
530.0000,2.8462E+002
531.0000,3.4680E+002
532.0000,3.6148E+002
533.0000,3.6383E+002
534.0000,3.5746E+002
535.0000,3.5634E+002
536.0000,3.7557E+002
537.0000,3.4457E+002
538.0000,3.8522E+002
539.0000,3.9355E+002
540.0000,3.9886E+002
541.0000,3.5097E+002
542.0000,3.4720E+002
543.0000,3.8378E+002
544.0000,4.0672E+002
545.0000,4.0244E+002
546.0000,3.9453E+002
547.0000,3.8659E+002
548.0000,4.0030E+002
549.0000,3.8986E+002
550.0000,2.9504E+002
551.0000,3.0477E+002
552.0000,3.2646E+002
553.0000,3.5515E+002
554.0000,3.6487E+002
555.0000,3.4793E+002
556.0000,3.6396E+002
557.0000,3.5954E+002
558.0000,4.0036E+002
559.0000,3.7740E+002
560.0000,3.9932E+002
561.0000,3.6980E+002
562.0000,2.9919E+002
563.0000,3.9404E+002
564.0000,3.9576E+002
565.0000,3.9983E+002
566.0000,3.9769E+002
567.0000,4.0215E+002
568.0000,3.9909E+002
569.0000,3.7233E+002
570.0000,3.6603E+002
571.0000,3.6433E+002
572.0000,3.6594E+002
573.0000,3.8251E+002
574.0000,3.1477E+002
575.0000,3.0104E+002
576.0000,3.2400E+002
577.0000,3.8902E+002
578.0000,4.0107E+002
579.0000,3.9938E+002
580.0000,3.3966E+002
581.0000,4.1765E+002
582.0000,4.0517E+002
583.0000,3.6384E+002
584.0000,3.4337E+002
585.0000,4.0570E+002
586.0000,3.8977E+002
587.0000,3.9281E+002
588.0000,4.0841E+002
589.0000,3.6409E+002
590.0000,3.0829E+002
591.0000,3.5280E+002
592.0000,3.2430E+002
593.0000,3.3523E+002
594.0000,3.6571E+002
595.0000,4.0345E+002
596.0000,3.9006E+002
597.0000,3.6244E+002
598.0000,3.6957E+002
599.0000,3.8803E+002
600.0000,3.9415E+002
601.0000,3.5447E+002
602.0000,3.0844E+002
603.0000,3.0603E+002
604.0000,3.6141E+002
605.0000,3.6323E+002
606.0000,3.7046E+002
607.0000,3.7186E+002
608.0000,3.7442E+002
609.0000,3.6267E+002
610.0000,3.8046E+002
611.0000,3.8006E+002
612.0000,3.6960E+002
613.0000,3.6508E+002
614.0000,3.7597E+002
615.0000,3.8916E+002
616.0000,3.7665E+002
617.0000,3.3922E+002
618.0000,3.5222E+002
619.0000,3.8818E+002
620.0000,4.0169E+002
621.0000,3.2517E+002
622.0000,3.8995E+002
623.0000,3.6790E+002
624.0000,3.3575E+002
625.0000,3.2247E+002
626.0000,3.1388E+002
627.0000,3.6198E+002
628.0000,3.0764E+002
629.0000,3.1487E+002
630.0000,2.7236E+002
631.0000,3.1112E+002
632.0000,3.8002E+002
633.0000,3.4770E+002
634.0000,3.0656E+002
635.0000,3.0037E+002
636.0000,3.6086E+002
637.0000,3.4207E+002
638.0000,3.1966E+002
639.0000,3.3412E+002
640.0000,3.4172E+002
641.0000,3.7592E+002
642.0000,2.9787E+002
643.0000,3.1771E+002
644.0000,3.4834E+002
645.0000,3.5784E+002
646.0000,2.7439E+002
647.0000,3.0907E+002
648.0000,3.8015E+002
649.0000,3.7844E+002
650.0000,3.7641E+002
651.0000,3.7391E+002
652.0000,3.9559E+002
653.0000,3.3346E+002
654.0000,3.2076E+002
655.0000,3.3703E+002
656.0000,3.3719E+002
657.0000,2.4230E+002
658.0000,3.4967E+002
659.0000,2.7151E+002
660.0000,2.6100E+002
661.0000,2.5896E+002
662.0000,2.5087E+002
663.0000,2.9551E+002
664.0000,2.4143E+002
665.0000,3.0015E+002
666.0000,3.2084E+002
667.0000,2.5506E+002
668.0000,2.4896E+002
669.0000,3.3580E+002
670.0000,2.8464E+002
671.0000,2.1640E+002
672.0000,2.6694E+002
673.0000,3.0322E+002
674.0000,3.6589E+002
675.0000,2.6842E+002
676.0000,2.2504E+002
677.0000,3.0388E+002
678.0000,2.5269E+002
679.0000,2.5682E+002
680.0000,2.7561E+002
681.0000,2.6572E+002
682.0000,3.0588E+002
683.0000,1.8726E+002
684.0000,2.5249E+002
685.0000,3.3682E+002
686.0000,2.1976E+002
687.0000,1.7572E+002
688.0000,2.1799E+002
689.0000,2.0679E+002
690.0000,1.9692E+002
691.0000,2.3436E+002
692.0000,3.5497E+002
693.0000,3.0046E+002
694.0000,3.0897E+002
695.0000,2.7283E+002
696.0000,2.5044E+002
697.0000,2.3434E+002
698.0000,2.4008E+002
699.0000,2.8411E+002
700.0000,3.4178E+002
701.0000,2.9316E+002
702.0000,2.6573E+002
703.0000,3.4258E+002
704.0000,3.1748E+002
705.0000,3.1780E+002
706.0000,2.1203E+002
707.0000,3.2286E+002
708.0000,2.5126E+002
709.0000,2.1884E+002
710.0000,2.2824E+002
711.0000,2.3169E+002
712.0000,2.3354E+002
713.0000,2.4755E+002
714.0000,2.3876E+002
715.0000,2.9191E+002
716.0000,2.2834E+002
717.0000,3.1159E+002
718.0000,2.2910E+002
719.0000,2.9229E+002
720.0000,2.7199E+002
721.0000,2.9183E+002
722.0000,3.6291E+002
723.0000,3.5535E+002
724.0000,2.2041E+002
725.0000,2.5005E+002
726.0000,3.3670E+002
727.0000,3.2914E+002
728.0000,3.2441E+002
729.0000,2.0749E+002
730.0000,1.9706E+002
731.0000,2.4358E+002
732.0000,3.3540E+002
733.0000,3.5735E+002
734.0000,3.0305E+002
735.0000,2.0280E+002
736.0000,2.3036E+002
737.0000,1.8038E+002
738.0000,2.6804E+002
739.0000,1.7363E+002
740.0000,1.7683E+002
741.0000,3.3353E+002
742.0000,3.2140E+002
743.0000,2.9818E+002
744.0000,2.3481E+002
745.0000,2.6831E+002
746.0000,2.2865E+002
747.0000,2.3256E+002
748.0000,2.9823E+002
749.0000,2.3747E+002
750.0000,2.6079E+002
751.0000,2.3385E+002
752.0000,2.4873E+002
753.0000,3.2307E+002
754.0000,2.4951E+002
755.0000,2.7648E+002
756.0000,2.8641E+002
757.0000,1.9421E+002
758.0000,2.0795E+002
759.0000,3.1394E+002
760.0000,1.7925E+002
761.0000,2.6266E+002
762.0000,3.4183E+002
763.0000,1.8303E+002
764.0000,2.0420E+002
765.0000,2.3358E+002
766.0000,1.6735E+002
767.0000,2.1085E+002
768.0000,2.3363E+002
769.0000,3.0282E+002
770.0000,3.4191E+002
771.0000,2.3899E+002
772.0000,2.3430E+002
773.0000,1.8049E+002
774.0000,1.8282E+002
775.0000,2.1337E+002
776.0000,1.8414E+002
777.0000,2.7726E+002
778.0000,2.1623E+002
779.0000,1.9704E+002
780.0000,0.0000E+000
781.0000,0.0000E+000
782.0000,3.2696E+002
783.0000,2.7708E+002
784.0000,0.0000E+000
785.0000,0.0000E+000
786.0000,0.0000E+000
787.0000,0.0000E+000
788.0000,0.0000E+000
789.0000,0.0000E+000
790.0000,3.2608E+002
791.0000,0.0000E+000
792.0000,3.4070E+002
793.0000,3.5607E+002
794.0000,2.6167E+002
795.0000,1.9502E+002
796.0000,2.2781E+002
797.0000,2.7740E+002
798.0000,2.8243E+002
799.0000,3.7573E+002
800.0000,2.7540E+002
801.0000,2.4150E+002
802.0000,3.4124E+002
803.0000,3.0087E+002
804.0000,2.3943E+002
805.0000,2.8432E+002
806.0000,2.2821E+002
807.0000,2.8078E+002
808.0000,3.2826E+002
809.0000,2.5123E+002
810.0000,2.6648E+002
811.0000,2.9316E+002
812.0000,2.7246E+002
813.0000,3.3385E+002
814.0000,3.2814E+002
815.0000,3.6635E+002
816.0000,2.7544E+002
817.0000,1.8308E+002
818.0000,2.7172E+002
819.0000,2.3611E+002
820.0000,2.7844E+002
821.0000,2.3972E+002
822.0000,3.0752E+002
823.0000,3.8553E+002
824.0000,2.1760E+002
825.0000,2.5383E+002
826.0000,3.5890E+002
827.0000,3.4300E+002
828.0000,3.4177E+002
829.0000,3.6745E+002
830.0000,3.0929E+002
831.0000,2.4092E+002
832.0000,2.8098E+002
833.0000,3.7978E+002
834.0000,3.7406E+002
835.0000,3.3597E+002
836.0000,3.6581E+002
837.0000,3.2240E+002
838.0000,3.6637E+002
839.0000,3.7529E+002
840.0000,3.1564E+002
841.0000,2.4769E+002
842.0000,3.2008E+002
843.0000,2.3324E+002
844.0000,2.5276E+002
845.0000,3.3949E+002
846.0000,2.4983E+002
847.0000,2.6310E+002
848.0000,3.2922E+002
849.0000,3.2425E+002
850.0000,3.3941E+002
851.0000,2.7909E+002
852.0000,2.6952E+002
853.0000,2.9381E+002
854.0000,3.1148E+002
855.0000,3.2145E+002
856.0000,3.3582E+002
857.0000,3.2809E+002
858.0000,3.2857E+002
859.0000,3.4702E+002
860.0000,3.4729E+002
861.0000,3.6980E+002
862.0000,2.9252E+002
863.0000,2.7008E+002
864.0000,3.6742E+002
865.0000,3.2869E+002
866.0000,3.8320E+002
867.0000,3.8765E+002
868.0000,3.6427E+002
869.0000,3.1208E+002
870.0000,3.0277E+002
871.0000,3.0084E+002
872.0000,2.7393E+002
873.0000,3.0092E+002
874.0000,3.1853E+002
875.0000,3.2789E+002
876.0000,3.8005E+002
877.0000,3.3338E+002
878.0000,3.6021E+002
879.0000,4.0299E+002
880.0000,3.4969E+002
881.0000,3.8291E+002
