"",9.200
135.0000,0.0000E+000
136.0000,-3.5258E+000
137.0000,6.4595E+000
138.0000,2.2536E+000
139.0000,-1.0984E+000
140.0000,-4.1627E+000
141.0000,3.4096E+000
142.0000,2.1345E+000
143.0000,-3.4458E+001
144.0000,-7.3181E+001
145.0000,-5.5260E+001
146.0000,-2.1623E+001
147.0000,-9.5494E+000
148.0000,1.0807E+001
149.0000,7.4527E+000
150.0000,2.4588E+000
151.0000,4.2053E+000
152.0000,5.2519E+000
153.0000,3.7846E-002
154.0000,-1.1915E+001
155.0000,-1.6608E+001
156.0000,-1.4192E+001
157.0000,-9.4902E+000
158.0000,-1.7400E+001
159.0000,-7.4290E+000
160.0000,7.7903E-001
161.0000,-1.0566E+001
162.0000,-1.1752E+001
163.0000,5.1251E+000
164.0000,-4.5111E+001
165.0000,-8.9556E+000
166.0000,-8.2095E+000
167.0000,-4.0870E+000
168.0000,-2.3388E+000
169.0000,-1.5613E+001
170.0000,-1.0334E+001
171.0000,-1.3087E+001
172.0000,-1.7783E+001
173.0000,-1.0781E+001
174.0000,-2.1809E+000
175.0000,-3.9533E+000
176.0000,-4.6765E+000
177.0000,-9.4970E+000
178.0000,-1.2926E+001
179.0000,-1.6049E+001
180.0000,-1.6047E+000
181.0000,-6.7106E+000
182.0000,-1.0783E+001
183.0000,-1.9537E+001
184.0000,-1.3836E+001
185.0000,-6.5043E+000
186.0000,-1.0506E+001
187.0000,-1.0315E+001
188.0000,-1.4151E+001
189.0000,-3.0709E+000
190.0000,-8.1109E+000
191.0000,-1.0125E+001
192.0000,-2.8049E+000
193.0000,-1.3720E+001
194.0000,-1.1443E+001
195.0000,-3.3759E+000
196.0000,-1.1235E+001
197.0000,-1.8491E+000
198.0000,2.5313E+000
199.0000,4.7689E+000
200.0000,-2.4791E+000
201.0000,-6.6243E+000
202.0000,-6.2248E+000
203.0000,-1.5497E+001
204.0000,-1.6495E+001
205.0000,-1.1957E+001
206.0000,-2.7173E+001
207.0000,-6.6147E+000
208.0000,-1.5720E+001
209.0000,-1.8049E+001
210.0000,-2.8578E+001
211.0000,-1.1860E+000
212.0000,-1.0536E+001
213.0000,-1.4081E+001
214.0000,-3.4050E+000
215.0000,-5.0206E+000
216.0000,-2.2971E+001
217.0000,-3.5477E+000
218.0000,-1.8682E+000
219.0000,-3.4618E+000
220.0000,-6.5111E+000
221.0000,4.1255E-001
222.0000,-4.6082E+000
223.0000,-7.8106E+000
224.0000,2.6332E+000
225.0000,-1.8966E+001
226.0000,-3.8650E+001
227.0000,-1.7114E+001
228.0000,-1.4379E+001
229.0000,-1.4100E+001
230.0000,-6.5886E+000
231.0000,-3.0254E+000
232.0000,3.6853E+000
233.0000,-5.9558E+000
234.0000,5.7118E+000
235.0000,-9.0372E+000
236.0000,-1.4044E+001
237.0000,-7.6813E+000
238.0000,-6.8056E+000
239.0000,3.9843E+000
240.0000,4.2464E+000
241.0000,-1.3907E+000
242.0000,1.9952E+000
243.0000,6.6446E-001
244.0000,-2.4693E+000
245.0000,2.3358E+000
246.0000,-1.2452E+001
247.0000,-8.3871E+000
248.0000,-9.5207E+000
249.0000,-1.3554E+001
250.0000,-1.2532E+001
251.0000,3.3572E+000
252.0000,2.4933E+000
253.0000,4.4478E+000
254.0000,6.5352E+000
255.0000,-5.1100E+000
256.0000,-3.8290E+001
257.0000,-2.4414E+001
258.0000,-1.4590E+000
259.0000,-1.8791E+001
260.0000,-3.7244E+001
261.0000,-2.9917E+000
262.0000,-6.9721E-001
263.0000,4.3049E-002
264.0000,-9.0715E+000
265.0000,-5.0039E+000
266.0000,-5.6625E+000
267.0000,-2.3927E+000
268.0000,3.8173E-001
269.0000,-6.4694E+000
270.0000,-1.6077E+000
271.0000,-8.4222E+000
272.0000,-1.8854E+000
273.0000,-8.1767E-001
274.0000,2.6455E+000
275.0000,5.5233E+000
276.0000,1.0248E+001
277.0000,1.0108E+001
278.0000,1.1707E+001
279.0000,1.8764E+001
280.0000,-3.0709E+001
281.0000,-3.3341E+001
282.0000,-2.7743E+001
283.0000,-7.2727E+000
284.0000,1.2447E+000
285.0000,4.2006E+000
286.0000,3.3757E+000
287.0000,-4.6598E+000
288.0000,-7.1809E+000
289.0000,5.3444E+000
290.0000,-2.8646E+000
291.0000,-9.5016E+000
292.0000,-2.4598E+001
293.0000,-1.2640E+001
294.0000,-1.2414E+001
295.0000,-3.7452E+000
296.0000,-5.8619E+001
297.0000,-4.0318E+001
298.0000,-3.2201E+001
299.0000,-8.1360E+000
300.0000,4.7228E+000
301.0000,4.5958E+000
302.0000,1.9849E+001
303.0000,9.7624E+000
304.0000,4.6469E+001
305.0000,9.0170E+000
306.0000,-3.2482E+001
307.0000,-3.1154E+001
308.0000,-2.9824E+001
309.0000,2.1501E-003
310.0000,1.0191E+001
311.0000,-5.0314E+001
312.0000,-2.3153E+001
313.0000,-1.7535E+001
314.0000,-1.3058E+001
315.0000,1.0496E+001
316.0000,-6.6767E+001
317.0000,-2.5762E+001
318.0000,4.8719E+000
319.0000,7.4464E+000
320.0000,1.3753E+001
321.0000,5.1338E+001
322.0000,-1.3944E+001
323.0000,-2.7412E+001
324.0000,-1.3137E+001
325.0000,6.8145E+000
326.0000,2.3154E+001
327.0000,-7.6156E+001
328.0000,-6.1663E+001
329.0000,-2.5061E+001
330.0000,-3.8823E+000
331.0000,-7.7466E+001
332.0000,-2.9735E+001
333.0000,-3.7070E+001
334.0000,-1.4818E+001
335.0000,-3.2562E+000
336.0000,9.0222E+000
337.0000,9.7819E+000
338.0000,1.8860E+001
339.0000,5.4550E+001
340.0000,2.1149E+001
341.0000,-2.5442E+001
342.0000,-3.3420E+001
343.0000,-1.3148E+001
344.0000,-6.1383E+001
345.0000,-4.3023E+001
346.0000,-4.5395E+001
347.0000,-5.8126E+000
348.0000,-8.6648E+000
349.0000,-5.0777E+001
350.0000,-4.8479E+000
351.0000,-1.3578E+001
352.0000,-2.4150E+001
353.0000,2.7267E+000
354.0000,1.4610E+001
355.0000,6.6519E+001
356.0000,3.4768E+001
357.0000,-3.5639E+001
358.0000,-6.9951E+001
359.0000,-5.4588E+001
360.0000,-4.3008E+001
361.0000,-2.9918E+001
362.0000,-3.5378E-001
363.0000,-1.3544E+001
364.0000,-1.6825E+001
365.0000,-3.6524E+001
366.0000,-3.0872E+001
367.0000,-1.0137E+002
368.0000,-4.6614E+001
369.0000,-2.6881E+001
370.0000,1.5963E+001
371.0000,-2.4804E+002
372.0000,-7.2940E+001
373.0000,-2.3564E+001
374.0000,-8.2419E+000
375.0000,-4.3224E-001
376.0000,3.3109E+001
377.0000,-6.6521E+000
378.0000,4.1528E+000
379.0000,-1.4181E+001
380.0000,-4.1205E+001
381.0000,-3.2106E+001
382.0000,-4.5733E+001
383.0000,-4.0717E+001
384.0000,-3.9718E+001
385.0000,-1.7460E+001
386.0000,-9.1968E+001
387.0000,-6.1018E+001
388.0000,-1.4173E+002
389.0000,-8.6534E+001
390.0000,-7.7103E+001
391.0000,-2.1696E+001
392.0000,-9.7066E+001
393.0000,-5.8969E+001
394.0000,-8.6592E+001
395.0000,-5.4942E+001
396.0000,-1.4580E+000
397.0000,-7.0148E+000
398.0000,7.5192E+000
399.0000,-1.6832E+001
400.0000,-2.3886E+001
401.0000,-5.7703E+001
402.0000,-2.4210E+001
403.0000,-2.8892E+001
404.0000,-2.5783E+001
405.0000,-3.9212E+001
406.0000,-4.3906E+001
407.0000,-6.6625E+001
408.0000,-1.0548E+002
409.0000,-9.7030E+001
410.0000,-2.1535E+001
411.0000,-8.8563E+001
412.0000,-5.3874E+001
413.0000,-5.6028E+001
414.0000,-1.7501E+001
415.0000,-9.2377E+000
416.0000,1.8652E+001
417.0000,-4.5748E+001
418.0000,-2.7310E+001
419.0000,-1.4267E+001
420.0000,-4.7735E+001
421.0000,-4.9513E+001
422.0000,-7.6853E+001
423.0000,-8.6194E+001
424.0000,-6.7950E+001
425.0000,-2.2971E+001
426.0000,3.2671E+000
427.0000,-8.6014E+001
428.0000,-4.9666E+001
429.0000,-5.7594E+001
430.0000,-8.0836E+001
431.0000,-3.5835E+001
432.0000,-8.6439E+000
433.0000,-1.8741E+001
434.0000,2.9689E-001
435.0000,5.6125E+000
436.0000,-1.7145E+002
437.0000,-6.6056E+001
438.0000,-2.3114E+001
439.0000,-1.4765E+001
440.0000,-6.4052E+001
441.0000,-6.3528E+001
442.0000,-4.0803E+001
443.0000,-1.2500E+001
444.0000,-3.4739E+001
445.0000,-1.5804E+001
446.0000,-9.4757E+000
447.0000,-7.6450E+001
448.0000,-5.0949E+001
449.0000,-1.2546E+002
450.0000,-6.7581E+001
451.0000,-4.2595E+001
452.0000,5.7434E+000
453.0000,1.1348E+000
454.0000,-7.6153E+001
455.0000,1.4817E+000
456.0000,6.7341E+000
457.0000,3.7378E+000
458.0000,1.2219E+001
459.0000,9.8817E+000
460.0000,-4.4767E+001
461.0000,-2.2978E+001
462.0000,-3.0932E+000
463.0000,-2.3120E+001
464.0000,-2.7997E+001
465.0000,-1.7645E+001
466.0000,-4.1565E+000
467.0000,-3.1343E+000
468.0000,8.1584E+000
469.0000,3.9858E+000
470.0000,-1.4566E+002
471.0000,-8.1736E+001
472.0000,-5.4120E+001
473.0000,-2.0445E+001
474.0000,-2.6914E+001
475.0000,-4.0164E+001
476.0000,-2.7674E+000
477.0000,-3.4862E+000
478.0000,-4.6043E+001
479.0000,-2.0843E+001
480.0000,-1.4988E+001
481.0000,-4.6327E+000
482.0000,-9.0110E+000
483.0000,-1.2838E+001
484.0000,3.2798E+000
485.0000,1.9880E+000
486.0000,-4.8002E+001
487.0000,-2.4799E+001
488.0000,-2.5973E+001
489.0000,-1.5290E+001
490.0000,-1.9899E+001
491.0000,-1.8250E-002
492.0000,2.7393E+000
493.0000,2.2317E+000
494.0000,9.5553E+000
495.0000,-9.3385E+000
496.0000,5.6662E-001
497.0000,5.1945E+000
498.0000,5.9532E+000
499.0000,-1.2956E+000
500.0000,-1.8930E+001
501.0000,-8.6679E+001
502.0000,-3.8469E+001
503.0000,-4.1859E+001
504.0000,-1.7624E+001
505.0000,-4.2111E-002
506.0000,-1.8189E+000
507.0000,-6.9901E+000
508.0000,-3.4637E+001
509.0000,-2.2573E+001
510.0000,-6.4645E-001
511.0000,1.2004E+000
512.0000,-5.1532E+000
513.0000,6.2993E-001
514.0000,-9.5772E+000
515.0000,-2.0347E+000
516.0000,-3.2339E+001
517.0000,-2.9329E+001
518.0000,-1.4563E+001
519.0000,-2.8199E+000
520.0000,3.5200E+000
521.0000,-1.7691E+001
522.0000,-2.2979E+001
523.0000,-3.4502E+000
524.0000,-9.6879E+000
525.0000,3.7100E+000
526.0000,3.4304E+000
527.0000,-3.4743E+000
528.0000,-7.4631E+000
529.0000,-2.2269E+001
530.0000,-3.4222E+001
531.0000,-4.6211E+000
532.0000,3.5471E+000
533.0000,1.9100E+000
534.0000,-2.5882E+000
535.0000,-1.2624E+001
536.0000,-3.9296E+000
537.0000,-1.6497E+001
538.0000,-1.3275E+001
539.0000,-8.1425E+000
540.0000,-7.1005E+000
541.0000,-2.4343E+001
542.0000,-1.0872E+001
543.0000,-1.3466E+001
544.0000,-1.0752E+001
545.0000,-9.0540E+000
546.0000,-1.0556E+001
547.0000,4.8209E-001
548.0000,2.8223E-001
549.0000,-1.9869E+001
550.0000,-5.4812E+001
551.0000,-1.1128E+001
552.0000,-1.3966E+001
553.0000,-5.5272E+000
554.0000,-6.8787E+000
555.0000,-1.2855E+001
556.0000,-8.0841E+000
557.0000,-5.6453E+000
558.0000,1.9704E+000
559.0000,-7.5339E+000
560.0000,-1.1739E+000
561.0000,-2.2789E+001
562.0000,-4.6183E+001
563.0000,-7.8427E+000
564.0000,-1.2809E+001
565.0000,-9.1156E+000
566.0000,-6.8801E+000
567.0000,-3.8843E+000
568.0000,-9.8572E-001
569.0000,-2.9272E+000
570.0000,-7.4244E+000
571.0000,-9.8185E+000
572.0000,-5.3568E+000
573.0000,-1.1441E+000
574.0000,-3.6475E+001
575.0000,-4.1806E+001
576.0000,-9.2136E+000
577.0000,-2.5686E+000
578.0000,-1.0531E+001
579.0000,-6.9422E+000
580.0000,-3.2328E+000
581.0000,2.2825E-001
582.0000,2.6734E-001
583.0000,1.8473E-001
584.0000,-8.6572E+000
585.0000,-4.6164E+000
586.0000,-3.6502E+000
587.0000,-2.8370E+000
588.0000,-5.4602E+000
589.0000,-9.4941E-001
590.0000,-3.1007E+001
591.0000,-1.0124E+001
592.0000,-3.1377E+000
593.0000,-2.3593E+000
594.0000,1.2964E-001
595.0000,-4.0731E+000
596.0000,-1.9237E+000
597.0000,1.0729E+001
598.0000,9.2366E+000
599.0000,5.8633E+000
600.0000,1.6777E+000
601.0000,-6.3560E-001
602.0000,-5.6420E+000
603.0000,1.5922E+000
604.0000,1.5913E+001
605.0000,1.9645E+001
606.0000,1.3515E+001
607.0000,1.7736E+001
608.0000,1.4939E+001
609.0000,2.0693E+001
610.0000,2.2145E+001
611.0000,5.8008E+000
612.0000,8.8505E+000
613.0000,1.3986E+001
614.0000,1.2679E+001
615.0000,7.9081E+000
616.0000,-6.4843E+000
617.0000,1.9841E+000
618.0000,1.1377E+001
619.0000,1.1230E+001
620.0000,1.6368E+000
621.0000,-5.4343E+000
622.0000,3.2223E+000
623.0000,1.1602E+001
624.0000,8.0110E+000
625.0000,1.8742E+000
626.0000,3.8059E+000
627.0000,5.3836E+000
628.0000,1.4046E+000
629.0000,2.0069E+001
630.0000,-2.1054E+001
631.0000,-1.0641E+001
632.0000,1.7122E+000
633.0000,1.9790E+000
634.0000,3.9341E+000
635.0000,3.0249E+000
636.0000,9.3602E+000
637.0000,1.2071E+000
638.0000,2.8379E+000
639.0000,5.9465E+000
640.0000,1.0860E+001
641.0000,1.2171E+001
642.0000,-4.7875E+001
643.0000,-1.8498E+001
644.0000,3.4166E+000
645.0000,1.9188E+001
646.0000,-6.2363E+000
647.0000,6.8672E+000
648.0000,1.6473E+001
649.0000,5.0994E+000
650.0000,-2.5596E+000
651.0000,1.6909E+001
652.0000,3.6615E+001
653.0000,-2.7001E+000
654.0000,-1.3205E+001
655.0000,8.7674E+000
656.0000,-2.5950E+001
657.0000,-1.4130E+001
658.0000,8.8707E-001
659.0000,-2.2287E+001
660.0000,-2.1492E+001
661.0000,-8.8014E+000
662.0000,-4.4194E+000
663.0000,3.1355E+001
664.0000,-1.9258E+000
665.0000,2.9378E+001
666.0000,3.3549E+001
667.0000,-8.6147E+000
668.0000,-7.9681E+000
669.0000,-7.6144E+000
670.0000,-3.0105E+001
671.0000,-2.9386E+001
672.0000,1.7012E+001
673.0000,2.6730E+001
674.0000,1.5908E+001
675.0000,-3.7974E+000
676.0000,-2.0792E+001
677.0000,3.9378E+000
678.0000,2.4923E-001
679.0000,-1.8500E-002
680.0000,1.2460E+001
681.0000,1.4485E+000
682.0000,-5.2636E+001
683.0000,-6.3175E+001
684.0000,-3.3967E+001
685.0000,-9.6171E+000
686.0000,-8.5157E+001
687.0000,-7.5588E+001
688.0000,-3.8145E+001
689.0000,-3.2228E+001
690.0000,-1.2408E+001
691.0000,-1.2322E+001
692.0000,5.6481E+001
693.0000,3.9982E+001
694.0000,2.0521E+000
695.0000,-9.6188E+000
696.0000,-4.8105E+001
697.0000,-2.4245E+001
698.0000,-2.1215E+001
699.0000,1.5395E+001
700.0000,1.6119E+001
701.0000,-7.4286E+000
702.0000,2.4496E+000
703.0000,-3.9487E+000
704.0000,-7.6855E+000
705.0000,4.1790E+000
706.0000,-5.0636E+001
707.0000,-2.2432E+001
708.0000,-2.5694E+001
709.0000,-5.8259E+001
710.0000,-5.8388E+001
711.0000,-3.0248E+001
712.0000,-1.3534E+001
713.0000,-2.0072E+000
714.0000,-3.3827E+000
715.0000,4.5110E+000
716.0000,-2.5370E+001
717.0000,-1.3097E+001
718.0000,-1.7853E+001
719.0000,-1.6972E+001
720.0000,-2.0268E+001
721.0000,-1.7450E+001
722.0000,4.4003E+000
723.0000,4.7075E+001
724.0000,-3.3211E+001
725.0000,-1.3368E+001
726.0000,5.9553E+000
727.0000,2.8430E+000
728.0000,-1.6211E+001
729.0000,-3.5808E+001
730.0000,-5.5798E+001
731.0000,-3.5793E+001
732.0000,-2.0496E-001
733.0000,2.1025E+000
734.0000,-1.2958E+001
735.0000,-4.4287E+001
736.0000,-7.7772E+001
737.0000,-1.7412E+002
738.0000,-6.5622E+001
739.0000,-7.6663E+001
740.0000,-2.9883E+001
741.0000,-1.7481E+000
742.0000,8.4453E+000
743.0000,-2.7039E+001
744.0000,-1.5879E+001
745.0000,-1.0330E+001
746.0000,-9.5797E+000
747.0000,-1.1545E+001
748.0000,1.2488E+001
749.0000,1.7921E+000
750.0000,4.7503E+000
751.0000,-1.1896E+001
752.0000,-7.9690E+000
753.0000,-1.3700E+001
754.0000,-3.7468E+001
755.0000,-9.1488E+000
756.0000,-4.9774E+001
757.0000,-7.3519E+001
758.0000,-1.4964E+001
759.0000,-1.4509E+001
760.0000,-8.1589E+001
761.0000,-2.0341E+001
762.0000,5.4201E+000
763.0000,-7.2346E+001
764.0000,-3.0453E+001
765.0000,-1.7744E+001
766.0000,-5.2914E+001
767.0000,-3.0063E+001
768.0000,-6.2979E+000
769.0000,1.3998E+001
770.0000,8.1874E+000
771.0000,-2.3821E+001
772.0000,-1.5452E+001
773.0000,-1.2312E+002
774.0000,-4.8696E+001
775.0000,-2.2519E+002
776.0000,-7.7994E+001
777.0000,-4.8574E+001
778.0000,-4.1216E+001
779.0000,-1.3046E+002
780.0000,0.0000E+000
781.0000,0.0000E+000
782.0000,1.1916E+001
783.0000,1.1459E+001
784.0000,0.0000E+000
785.0000,0.0000E+000
786.0000,0.0000E+000
787.0000,0.0000E+000
788.0000,0.0000E+000
789.0000,0.0000E+000
790.0000,1.4390E+001
791.0000,0.0000E+000
792.0000,1.0004E+001
793.0000,2.7457E+001
794.0000,-4.0479E+001
795.0000,-3.5860E+001
796.0000,-3.8772E+000
797.0000,8.4916E+000
798.0000,1.2622E+001
799.0000,3.5464E+001
800.0000,1.9017E+001
801.0000,-9.1088E+000
802.0000,-4.8724E+000
803.0000,2.6957E+001
804.0000,-7.4112E+000
805.0000,1.7720E+001
806.0000,-2.2686E+001
807.0000,-7.1945E+000
808.0000,-2.0185E+001
809.0000,-1.5157E+001
810.0000,1.1798E+000
811.0000,1.4407E+000
812.0000,-2.2551E+001
813.0000,-5.6440E+000
814.0000,3.5731E+000
815.0000,7.0119E+000
816.0000,-5.3699E+001
817.0000,-8.0030E+001
818.0000,-3.7685E+001
819.0000,-2.2847E+001
820.0000,5.3338E+000
821.0000,-1.5490E+001
822.0000,2.6893E+001
823.0000,4.3042E+001
824.0000,-3.9889E+001
825.0000,-1.5883E+001
826.0000,1.0993E+001
827.0000,1.2395E+001
828.0000,1.4791E+001
829.0000,2.8364E+001
830.0000,5.6915E+000
831.0000,-2.1703E+001
832.0000,-1.8484E+001
833.0000,1.2916E+001
834.0000,-6.7736E+000
835.0000,-1.9708E+001
836.0000,-9.1201E+000
837.0000,5.3331E+000
838.0000,9.6052E+000
839.0000,-3.3960E+000
840.0000,-2.5507E+001
841.0000,-4.9607E+001
842.0000,-4.1623E+001
843.0000,-7.5479E+001
844.0000,-2.2960E+001
845.0000,-2.8514E+001
846.0000,-3.1706E+001
847.0000,-4.1265E+001
848.0000,2.5216E-001
849.0000,1.9712E+000
850.0000,-1.3224E+001
851.0000,-1.3237E+001
852.0000,-4.4508E+000
853.0000,4.2006E+000
854.0000,8.7716E+000
855.0000,7.6017E+000
856.0000,8.1835E+000
857.0000,2.8164E+000
