"",9.200
135.0000,0.0000E+000
136.0000,-4.4618E+001
137.0000,-1.2453E+001
138.0000,-1.2090E+000
139.0000,-6.1233E+000
140.0000,-1.2454E+001
141.0000,-9.0140E+000
142.0000,-9.0451E+000
143.0000,-1.2217E+002
144.0000,-1.3663E+002
145.0000,-1.3205E+002
146.0000,-8.4936E+001
147.0000,-4.8436E+001
148.0000,4.5553E-001
149.0000,-2.2739E+001
150.0000,-3.9196E+001
151.0000,-2.3972E+001
152.0000,-2.8988E+001
153.0000,-1.3510E+001
154.0000,-6.2055E+001
155.0000,-6.7946E+001
156.0000,-4.5114E+001
157.0000,-2.1976E+001
158.0000,-4.4018E+001
159.0000,-3.6811E+001
160.0000,-9.8392E+000
161.0000,-3.5554E+001
162.0000,-6.2173E+001
163.0000,-1.8627E+001
164.0000,-1.5719E+002
165.0000,-5.7698E+001
166.0000,-7.3925E+001
167.0000,-3.8625E+001
168.0000,-3.0744E+001
169.0000,-5.3455E+001
170.0000,-3.5892E+001
171.0000,-6.0554E+001
172.0000,-7.0155E+001
173.0000,-3.8629E+001
174.0000,-2.9171E+001
175.0000,-3.1196E+001
176.0000,-4.6404E+001
177.0000,-4.9142E+001
178.0000,-5.8676E+001
179.0000,-8.4570E+001
180.0000,-3.3401E+001
181.0000,-2.5858E+001
182.0000,-3.5204E+001
183.0000,-5.2410E+001
184.0000,-3.6974E+001
185.0000,-3.0892E+001
186.0000,-4.6364E+001
187.0000,-5.3978E+001
188.0000,-5.9189E+001
189.0000,-4.6452E+001
190.0000,-5.9414E+001
191.0000,-4.3728E+001
192.0000,-2.1917E+001
193.0000,-4.2357E+001
194.0000,-3.5945E+001
195.0000,-2.6281E+001
196.0000,-7.1329E+001
197.0000,-5.4262E+001
198.0000,-2.6562E+001
199.0000,-2.0586E+001
200.0000,-3.4780E+001
201.0000,-3.6799E+001
202.0000,-3.7266E+001
203.0000,-7.4556E+001
204.0000,-7.8510E+001
205.0000,-7.6109E+001
206.0000,-1.0058E+002
207.0000,-3.5331E+001
208.0000,-5.2322E+001
209.0000,-8.4453E+001
210.0000,-1.2284E+002
211.0000,-2.6290E+001
212.0000,-4.0449E+001
213.0000,-7.2710E+001
214.0000,-5.0003E+001
215.0000,-4.2388E+001
216.0000,-9.3293E+001
217.0000,-3.3437E+001
218.0000,-2.2834E+001
219.0000,-2.0847E+001
220.0000,-2.4423E+001
221.0000,-1.3100E+001
222.0000,-2.2949E+001
223.0000,-2.3710E+001
224.0000,-2.4858E+001
225.0000,-5.4193E+001
226.0000,-1.2028E+002
227.0000,-6.7040E+001
228.0000,-5.6383E+001
229.0000,-3.3141E+001
230.0000,-1.5545E+001
231.0000,-1.9550E+001
232.0000,-4.3017E+000
233.0000,-2.2064E+001
234.0000,-7.1565E+000
235.0000,-3.8057E+001
236.0000,-6.0640E+001
237.0000,-4.5062E+001
238.0000,-4.8154E+001
239.0000,-1.7840E+001
240.0000,-3.7160E+000
241.0000,-1.0455E+001
242.0000,-1.4545E+001
243.0000,-1.7611E+001
244.0000,-1.7499E+001
245.0000,-2.1448E+001
246.0000,-6.9571E+001
247.0000,-5.8974E+001
248.0000,-6.4691E+001
249.0000,-5.7317E+001
250.0000,-6.8510E+001
251.0000,-1.8760E+001
252.0000,-8.6524E+000
253.0000,-1.4873E+001
254.0000,-1.9439E+001
255.0000,-2.9127E+001
256.0000,-1.1805E+002
257.0000,-8.1566E+001
258.0000,-2.9475E+001
259.0000,-5.2134E+001
260.0000,-8.3891E+001
261.0000,-1.6503E+001
262.0000,-3.6057E+000
263.0000,-5.0091E-001
264.0000,-3.0266E+001
265.0000,-3.8329E+001
266.0000,-2.9511E+001
267.0000,-2.3050E+001
268.0000,-1.1356E+001
269.0000,-4.3258E+001
270.0000,-3.5031E+001
271.0000,-3.3519E+001
272.0000,-1.9473E+001
273.0000,-1.9606E+001
274.0000,-2.6307E+001
275.0000,-9.5857E+000
276.0000,-3.2509E+000
277.0000,-1.0136E+001
278.0000,-4.9717E+000
279.0000,1.6140E+001
280.0000,-8.2343E+001
281.0000,-7.4901E+001
282.0000,-5.3515E+001
283.0000,-1.4819E+001
284.0000,1.1365E+000
285.0000,7.9017E+000
286.0000,6.0155E+000
287.0000,-1.9674E+001
288.0000,-2.5874E+001
289.0000,-6.5725E+000
290.0000,-2.1048E+001
291.0000,-4.1912E+001
292.0000,-6.5029E+001
293.0000,-4.6724E+001
294.0000,-3.9068E+001
295.0000,-1.7825E+001
296.0000,-8.2856E+001
297.0000,-6.5598E+001
298.0000,-5.7564E+001
299.0000,-4.1610E+001
300.0000,-1.0160E+001
301.0000,-9.9912E-001
302.0000,7.6471E+000
303.0000,7.9882E+000
304.0000,6.7785E+001
305.0000,-2.2070E+001
306.0000,-7.5465E+001
307.0000,-6.7467E+001
308.0000,-5.2982E+001
309.0000,-3.8315E+000
310.0000,6.1959E+000
311.0000,-9.0175E+001
312.0000,-4.3089E+001
313.0000,-4.5594E+001
314.0000,-3.4388E+001
315.0000,-1.6682E+001
316.0000,-7.6109E+001
317.0000,-3.2111E+001
318.0000,-1.9145E+001
319.0000,7.9054E+000
320.0000,1.7607E+001
321.0000,7.6516E+001
322.0000,-6.7775E+001
323.0000,-4.6051E+001
324.0000,-2.7711E+001
325.0000,1.8022E+000
326.0000,2.7808E+001
327.0000,-1.2811E+002
328.0000,-6.0306E+001
329.0000,-4.6192E+001
330.0000,-4.6210E+000
331.0000,-8.4590E+001
332.0000,-3.5444E+001
333.0000,-3.7702E+001
334.0000,-1.7994E+001
335.0000,-1.5813E+001
336.0000,-1.6631E+000
337.0000,5.9030E+000
338.0000,2.1161E+001
339.0000,7.7151E+001
340.0000,3.0434E+001
341.0000,-3.5855E+001
342.0000,-2.9908E+001
343.0000,-1.5639E+001
344.0000,-6.9575E+001
345.0000,-6.0176E+001
346.0000,-5.1697E+001
347.0000,-1.8232E+001
348.0000,-8.0571E+000
349.0000,-5.1005E+001
350.0000,-1.3696E+001
351.0000,-5.7942E+001
352.0000,-3.8097E+001
353.0000,-2.2103E+001
354.0000,6.2509E+000
355.0000,9.6140E+001
356.0000,5.2791E+001
357.0000,-6.0292E+001
358.0000,-7.2923E+001
359.0000,-5.9043E+001
360.0000,-4.9738E+001
361.0000,-4.5290E+001
362.0000,-1.0217E+001
363.0000,-1.7808E+001
364.0000,-2.7209E+001
365.0000,-4.4860E+001
366.0000,-3.8652E+001
367.0000,-1.2005E+002
368.0000,-4.5528E+001
369.0000,-2.5668E+001
370.0000,1.6219E+001
371.0000,-1.6287E+002
372.0000,-4.9283E+001
373.0000,-3.0577E+001
374.0000,-2.0998E+001
375.0000,-5.2671E-001
376.0000,-3.7010E+000
377.0000,-1.8314E+001
378.0000,-2.9213E+000
379.0000,-2.3740E+001
380.0000,-6.5484E+001
381.0000,-4.1881E+001
382.0000,-7.2079E+001
383.0000,-3.9439E+001
384.0000,-3.8822E+001
385.0000,-2.8813E+001
386.0000,-7.9124E+001
387.0000,-6.0818E+001
388.0000,-1.0935E+002
389.0000,-6.5559E+001
390.0000,-1.0715E+002
391.0000,-3.5836E+001
392.0000,-9.8373E+001
393.0000,-3.7639E+001
394.0000,-5.2851E+001
395.0000,-3.7217E+001
396.0000,-1.4709E+001
397.0000,-1.1135E+001
398.0000,6.7506E+000
399.0000,-1.5761E+001
400.0000,-2.3466E+001
401.0000,-6.9287E+001
402.0000,-3.6962E+001
403.0000,-3.7659E+001
404.0000,-3.0554E+001
405.0000,-4.8807E+001
406.0000,-4.6237E+001
407.0000,-6.4221E+001
408.0000,-8.6553E+001
409.0000,-9.5508E+001
410.0000,-3.0402E+001
411.0000,-7.2882E+001
412.0000,-5.3825E+001
413.0000,-5.1965E+001
414.0000,-4.1316E+001
415.0000,-2.6754E+001
416.0000,1.3400E+001
417.0000,-8.0903E+001
418.0000,-6.8796E+001
419.0000,-6.4983E+001
420.0000,-6.8953E+001
421.0000,-6.5084E+001
422.0000,-7.9512E+001
423.0000,-8.4160E+001
424.0000,-6.7573E+001
425.0000,-3.3913E+001
426.0000,4.1324E+000
427.0000,-6.8783E+001
428.0000,-4.9490E+001
429.0000,-5.8889E+001
430.0000,-7.2447E+001
431.0000,-4.1144E+001
432.0000,-3.7654E+001
433.0000,-5.3077E+001
434.0000,-3.5024E+001
435.0000,-3.1139E+001
436.0000,-2.1035E+002
437.0000,-7.9098E+001
438.0000,-6.1136E+001
439.0000,-5.3727E+001
440.0000,-6.6766E+001
441.0000,-5.9162E+001
442.0000,-4.1125E+001
443.0000,-1.9311E+001
444.0000,-6.9115E+001
445.0000,-5.7404E+001
446.0000,-4.6492E+001
447.0000,-1.0407E+002
448.0000,-6.8073E+001
449.0000,-1.3046E+002
450.0000,-7.2142E+001
451.0000,-6.1176E+001
452.0000,6.6791E+000
453.0000,-3.7849E+000
454.0000,-1.1678E+002
455.0000,-1.3082E+001
456.0000,-4.2464E+001
457.0000,-3.9538E+000
458.0000,1.3886E+000
459.0000,-3.0143E+001
460.0000,-8.5019E+001
461.0000,-5.3992E+001
462.0000,-5.6721E+000
463.0000,-6.2987E+001
464.0000,-7.3330E+001
465.0000,-7.1606E+001
466.0000,-5.0657E+001
467.0000,-4.6234E+001
468.0000,-6.9101E+000
469.0000,-6.8156E-001
470.0000,-1.9154E+002
471.0000,-1.1175E+002
472.0000,-7.7730E+001
473.0000,-4.5639E+001
474.0000,-5.8904E+001
475.0000,-6.9102E+001
476.0000,-3.7282E+001
477.0000,-2.3782E+001
478.0000,-8.9177E+001
479.0000,-7.0099E+001
480.0000,-4.9856E+001
481.0000,-6.4121E+001
482.0000,-3.5026E+001
483.0000,-2.1384E+001
484.0000,5.5160E+000
485.0000,3.5507E+000
486.0000,-1.4291E+002
487.0000,-6.8722E+001
488.0000,-8.8849E+001
489.0000,-7.6266E+001
490.0000,-4.1803E+001
491.0000,-1.9763E+001
492.0000,-5.4357E+000
493.0000,-5.9957E+001
494.0000,-2.3658E+001
495.0000,-4.3257E+001
496.0000,-7.0121E+000
497.0000,-1.0185E+001
498.0000,-3.0113E+001
499.0000,-2.2768E+001
500.0000,-4.1006E+001
501.0000,-1.8089E+002
502.0000,-9.2972E+001
503.0000,-1.0856E+002
504.0000,-6.8991E+001
505.0000,-2.1532E+001
506.0000,-3.2248E+001
507.0000,-4.9709E+001
508.0000,-1.1381E+002
509.0000,-8.5568E+001
510.0000,-3.7196E+001
511.0000,-3.8408E+001
512.0000,-3.4185E+001
513.0000,-2.4525E+001
514.0000,-2.2827E+001
515.0000,-1.5284E+001
516.0000,-1.0882E+002
517.0000,-9.4703E+001
518.0000,-6.3289E+001
519.0000,-2.3292E+001
520.0000,-2.6470E+001
521.0000,-7.7825E+001
522.0000,-1.0175E+002
523.0000,-4.0507E+001
524.0000,-2.7254E+001
525.0000,-2.4545E+001
526.0000,-2.5735E+001
527.0000,-2.2811E+001
528.0000,-3.1376E+001
529.0000,-8.7179E+001
530.0000,-1.3082E+002
531.0000,-5.0503E+001
532.0000,-3.3140E+001
533.0000,-5.1147E+001
534.0000,-6.4431E+001
535.0000,-6.3252E+001
536.0000,-3.1697E+001
537.0000,-6.2539E+001
538.0000,-6.1193E+001
539.0000,-5.6472E+001
540.0000,-5.4965E+001
541.0000,-8.1215E+001
542.0000,-8.3621E+001
543.0000,-5.9380E+001
544.0000,-7.9064E+001
545.0000,-6.3518E+001
546.0000,-4.6404E+001
547.0000,-4.5391E+001
548.0000,-5.0747E+001
549.0000,-1.1566E+002
550.0000,-1.8247E+002
551.0000,-8.2693E+001
552.0000,-1.0044E+002
553.0000,-7.4980E+001
554.0000,-7.8870E+001
555.0000,-6.6019E+001
556.0000,-4.7913E+001
557.0000,-6.5545E+001
558.0000,-4.8827E+001
559.0000,-5.9088E+001
560.0000,-5.2431E+001
561.0000,-8.7970E+001
562.0000,-1.6595E+002
563.0000,-8.9991E+001
564.0000,-3.5688E+001
565.0000,-2.3732E+001
566.0000,-3.5623E+001
567.0000,-2.2980E+001
568.0000,-2.9456E+001
569.0000,-6.1766E+001
570.0000,-3.9136E+001
571.0000,-5.2096E+001
572.0000,-8.1205E+001
573.0000,-7.0172E+001
574.0000,-1.2448E+002
575.0000,-1.3826E+002
576.0000,-6.9865E+001
577.0000,-3.8186E+001
578.0000,-3.8833E+001
579.0000,-2.8500E+001
580.0000,-4.2790E+001
581.0000,-2.4127E+001
582.0000,-1.3211E+001
583.0000,-2.9194E+001
584.0000,-8.1983E+001
585.0000,-1.2964E+001
586.0000,-1.3599E+001
587.0000,-2.7213E+001
588.0000,-1.4177E+001
589.0000,-1.5798E+001
590.0000,-1.0277E+002
591.0000,-6.3076E+001
592.0000,-5.1755E+001
593.0000,-7.0564E+001
594.0000,-2.5355E+001
595.0000,-1.1944E+001
596.0000,-1.3817E+001
597.0000,-6.8002E+000
598.0000,-1.2133E+001
599.0000,7.7738E-001
600.0000,1.7244E+000
601.0000,-2.2090E+001
602.0000,-5.2299E+001
603.0000,-3.0205E+001
604.0000,-9.2721E+000
605.0000,-4.4902E+000
606.0000,9.9989E+000
607.0000,1.2484E+001
608.0000,3.7276E+000
609.0000,-1.3799E+000
610.0000,1.5269E+001
611.0000,-1.0853E+000
612.0000,7.6628E+000
613.0000,6.7235E+000
614.0000,7.7629E+000
615.0000,-2.7989E+000
616.0000,-1.3120E+001
617.0000,-3.3975E+000
618.0000,8.9991E+000
619.0000,1.6234E+001
620.0000,3.3173E+000
621.0000,-2.4070E+001
622.0000,-9.5444E+000
623.0000,9.2057E+000
624.0000,-1.0329E+001
625.0000,-9.9580E+000
626.0000,-1.8447E+001
627.0000,-1.2848E+000
628.0000,-4.9242E+000
629.0000,-5.8177E+001
630.0000,-6.6422E+001
631.0000,-5.1851E+001
632.0000,-2.2929E+000
633.0000,2.2656E+000
634.0000,-1.5118E+001
635.0000,-1.9886E+001
636.0000,-1.2516E+001
637.0000,-4.3249E+000
638.0000,-4.6505E+000
639.0000,-1.3965E+001
640.0000,-1.7798E+000
641.0000,1.0937E+001
642.0000,-1.1019E+002
643.0000,-6.6868E+001
644.0000,-3.7712E+001
645.0000,6.5724E+000
646.0000,-5.5574E+001
647.0000,-2.4822E+001
648.0000,1.9987E+001
649.0000,8.5549E+000
650.0000,-4.3974E+000
651.0000,2.3401E+001
652.0000,6.4427E+001
653.0000,-2.5238E+001
654.0000,-2.7289E+001
655.0000,-2.7953E+001
656.0000,-7.1202E+001
657.0000,-4.2809E+001
658.0000,-1.8583E+001
659.0000,-4.7437E+001
660.0000,-3.9862E+001
661.0000,-3.1473E+001
662.0000,-4.0142E+001
663.0000,-4.0905E-001
664.0000,-5.3199E+001
665.0000,-8.2253E+000
666.0000,1.4152E+001
667.0000,-2.6564E+001
668.0000,-3.0491E+001
669.0000,-9.5784E+000
670.0000,-8.3260E+001
671.0000,-5.5732E+001
672.0000,-2.5433E+001
673.0000,-1.8979E+001
674.0000,5.9537E+000
675.0000,-6.0583E+001
676.0000,-3.1183E+001
677.0000,-8.5361E+000
678.0000,-1.1236E+001
679.0000,-1.8112E+001
680.0000,3.1408E-001
681.0000,-1.2006E+001
682.0000,-8.3499E+001
683.0000,-6.5833E+001
684.0000,-4.7734E+001
685.0000,-1.6459E+001
686.0000,-9.9369E+001
687.0000,-6.5501E+001
688.0000,-5.0070E+001
689.0000,-5.7229E+001
690.0000,-2.4671E+001
691.0000,-3.3353E+001
692.0000,6.1855E+001
693.0000,3.8166E+001
694.0000,-8.3663E+000
695.0000,-1.1288E+001
696.0000,-5.0770E+001
697.0000,-3.0079E+001
698.0000,-2.8769E+001
699.0000,7.4681E+000
700.0000,1.6423E+001
701.0000,-7.6437E+000
702.0000,-7.2187E+000
703.0000,-7.0556E+000
704.0000,-9.2339E+000
705.0000,-2.4506E+001
706.0000,-6.7827E+001
707.0000,-2.4137E+001
708.0000,-3.6894E+001
709.0000,-7.1623E+001
710.0000,-1.0076E+002
711.0000,-6.3781E+001
712.0000,-4.3440E+001
713.0000,-1.3307E+001
714.0000,-1.4676E+001
715.0000,-2.7081E+000
716.0000,-4.6444E+001
717.0000,-4.0340E+001
718.0000,-2.8914E+001
719.0000,-1.9395E+001
720.0000,-2.4364E+001
721.0000,-1.5996E+001
722.0000,4.9849E+000
723.0000,5.2637E+001
724.0000,-4.0608E+001
725.0000,-2.9600E+001
726.0000,-1.8090E+001
727.0000,2.3235E+000
728.0000,-1.7920E+001
729.0000,-3.8921E+001
730.0000,-6.2007E+001
731.0000,-6.7855E+001
732.0000,-8.1594E+000
733.0000,2.0539E+000
734.0000,-6.9357E+001
735.0000,-5.2257E+001
736.0000,-8.6970E+001
737.0000,-1.3335E+002
738.0000,-7.4136E+001
739.0000,-7.6703E+001
740.0000,-3.3181E+001
741.0000,-1.2589E+001
742.0000,7.2602E+000
743.0000,-2.4824E+001
744.0000,-1.3193E+001
745.0000,-2.7165E+001
746.0000,-1.6505E+001
747.0000,-1.0834E+001
748.0000,-2.8879E+001
749.0000,-1.0138E+001
750.0000,-7.6147E+000
751.0000,-2.1644E+001
752.0000,-2.0305E+001
753.0000,-1.2745E+001
754.0000,-4.5720E+001
755.0000,-1.4748E+001
756.0000,-7.2095E+001
757.0000,-7.6981E+001
758.0000,-2.9939E+001
759.0000,-2.2103E+001
760.0000,-7.6741E+001
761.0000,-4.3194E+001
762.0000,5.0291E+000
763.0000,-7.0171E+001
764.0000,-4.0682E+001
765.0000,-2.7855E+001
766.0000,-4.8536E+001
767.0000,-4.9532E+001
768.0000,-2.8894E+001
769.0000,5.4935E-001
770.0000,8.5188E+000
771.0000,-2.7538E+001
772.0000,-2.3959E+001
773.0000,-1.1766E+002
774.0000,-5.0029E+001
775.0000,-1.7536E+002
776.0000,-5.5200E+001
777.0000,-2.8430E+001
778.0000,-2.9527E+001
779.0000,-8.4386E+001
780.0000,0.0000E+000
781.0000,0.0000E+000
782.0000,1.1404E+000
783.0000,6.2430E-001
784.0000,0.0000E+000
785.0000,0.0000E+000
786.0000,0.0000E+000
787.0000,0.0000E+000
788.0000,0.0000E+000
789.0000,0.0000E+000
790.0000,1.2567E+000
791.0000,0.0000E+000
792.0000,6.0601E+000
793.0000,2.4600E+001
794.0000,-3.4595E+001
795.0000,-2.9392E+001
796.0000,-2.3285E+001
797.0000,-1.1035E+001
798.0000,-5.2377E-001
799.0000,4.4447E+001
800.0000,1.3217E+001
801.0000,-2.7551E+001
802.0000,-6.1705E+000
803.0000,2.1854E+001
804.0000,-2.9727E+001
805.0000,-1.4218E+001
806.0000,-7.5496E+001
807.0000,-3.3979E+001
808.0000,-2.2272E+001
809.0000,-1.9816E+001
810.0000,-2.0151E+001
811.0000,-1.4346E+001
812.0000,-3.7656E+001
813.0000,-1.3818E+001
814.0000,4.7437E+000
815.0000,5.3167E+000
816.0000,-8.1905E+001
817.0000,-8.7603E+001
818.0000,-6.7623E+001
819.0000,-5.5120E+001
820.0000,-3.1722E+001
821.0000,-4.3375E+001
822.0000,2.4463E+001
823.0000,5.7919E+001
824.0000,-8.3168E+001
825.0000,-5.9297E+001
826.0000,3.3287E+000
827.0000,1.2106E+001
828.0000,2.3944E+001
829.0000,4.9950E+001
830.0000,-3.3855E+001
831.0000,-7.6371E+001
832.0000,-5.2137E+001
833.0000,7.3000E+000
834.0000,-1.3218E+001
835.0000,-3.5854E+001
836.0000,-1.4897E+001
837.0000,-6.7144E+000
838.0000,-3.7856E+000
839.0000,-6.9978E+000
840.0000,-9.1975E+001
841.0000,-1.1133E+002
842.0000,-1.2407E+002
843.0000,-1.4064E+002
844.0000,-6.8927E+001
845.0000,-3.8173E+001
846.0000,-5.4746E+001
847.0000,-7.2939E+001
848.0000,-5.4640E+000
849.0000,-9.5726E+000
850.0000,-2.5748E+001
851.0000,-3.2507E+001
