"",9.200
135.0000,0.0000E+000
136.0000,-3.9513E+002
137.0000,-3.9600E+002
138.0000,-3.9597E+002
139.0000,-3.9794E+002
140.0000,-4.0026E+002
141.0000,-4.0490E+002
142.0000,-4.0741E+002
143.0000,-4.0804E+002
144.0000,-3.9389E+002
145.0000,-3.8948E+002
146.0000,-3.8749E+002
147.0000,-3.8699E+002
148.0000,-3.9120E+002
149.0000,-3.9546E+002
150.0000,-3.9892E+002
151.0000,-4.0271E+002
152.0000,-4.0651E+002
153.0000,-4.0878E+002
154.0000,-4.1061E+002
155.0000,-4.1111E+002
156.0000,-4.1125E+002
157.0000,-4.1141E+002
158.0000,-4.1040E+002
159.0000,-4.1275E+002
160.0000,-4.1443E+002
161.0000,-4.1547E+002
162.0000,-4.1666E+002
163.0000,-4.1939E+002
164.0000,-4.1945E+002
165.0000,-4.1666E+002
166.0000,-4.1646E+002
167.0000,-4.1759E+002
168.0000,-4.2037E+002
169.0000,-4.1990E+002
170.0000,-4.2060E+002
171.0000,-4.2198E+002
172.0000,-4.2217E+002
173.0000,-4.2312E+002
174.0000,-4.2472E+002
175.0000,-4.2650E+002
176.0000,-4.2764E+002
177.0000,-4.2852E+002
178.0000,-4.2798E+002
179.0000,-4.2768E+002
180.0000,-4.2749E+002
181.0000,-4.2822E+002
182.0000,-4.2768E+002
183.0000,-4.2643E+002
184.0000,-4.2613E+002
185.0000,-4.2689E+002
186.0000,-4.2768E+002
187.0000,-4.2914E+002
188.0000,-4.2910E+002
189.0000,-4.2983E+002
190.0000,-4.3182E+002
191.0000,-4.3398E+002
192.0000,-4.3231E+002
193.0000,-4.2998E+002
194.0000,-4.2733E+002
195.0000,-4.3462E+002
196.0000,-4.4043E+002
197.0000,-4.4085E+002
198.0000,-4.3532E+002
199.0000,-4.3498E+002
200.0000,-4.3413E+002
201.0000,-4.3321E+002
202.0000,-4.3510E+002
203.0000,-4.3322E+002
204.0000,-4.3219E+002
205.0000,-4.3218E+002
206.0000,-4.3110E+002
207.0000,-4.3128E+002
208.0000,-4.2777E+002
209.0000,-4.2739E+002
210.0000,-4.2361E+002
211.0000,-4.2239E+002
212.0000,-4.2128E+002
213.0000,-4.2040E+002
214.0000,-4.2079E+002
215.0000,-4.1905E+002
216.0000,-4.1688E+002
217.0000,-4.1683E+002
218.0000,-4.1812E+002
219.0000,-4.1873E+002
220.0000,-4.1917E+002
221.0000,-4.2048E+002
222.0000,-4.2120E+002
223.0000,-4.2090E+002
224.0000,-4.2327E+002
225.0000,-4.1866E+002
226.0000,-4.1493E+002
227.0000,-4.1312E+002
228.0000,-4.1265E+002
229.0000,-4.1058E+002
230.0000,-4.0936E+002
231.0000,-4.1127E+002
232.0000,-4.1396E+002
233.0000,-4.1336E+002
234.0000,-4.1582E+002
235.0000,-4.1368E+002
236.0000,-4.1153E+002
237.0000,-4.0984E+002
238.0000,-4.0894E+002
239.0000,-4.1005E+002
240.0000,-4.1105E+002
241.0000,-4.1376E+002
242.0000,-4.1281E+002
243.0000,-4.1401E+002
244.0000,-4.1496E+002
245.0000,-4.1684E+002
246.0000,-4.1632E+002
247.0000,-4.1462E+002
248.0000,-4.1219E+002
249.0000,-4.1093E+002
250.0000,-4.0966E+002
251.0000,-4.1171E+002
252.0000,-4.1167E+002
253.0000,-4.1226E+002
254.0000,-4.1478E+002
255.0000,-4.1117E+002
256.0000,-4.0522E+002
257.0000,-3.9977E+002
258.0000,-4.0035E+002
259.0000,-3.9863E+002
260.0000,-3.9443E+002
261.0000,-3.9337E+002
262.0000,-3.9402E+002
263.0000,-3.9521E+002
264.0000,-3.9461E+002
265.0000,-3.9263E+002
266.0000,-3.9250E+002
267.0000,-3.9246E+002
268.0000,-3.9211E+002
269.0000,-3.9070E+002
270.0000,-3.9047E+002
271.0000,-3.9035E+002
272.0000,-3.9096E+002
273.0000,-3.9050E+002
274.0000,-3.8967E+002
275.0000,-3.8825E+002
276.0000,-3.8883E+002
277.0000,-3.8925E+002
278.0000,-3.8993E+002
279.0000,-3.9178E+002
280.0000,-3.9086E+002
281.0000,-3.8566E+002
282.0000,-3.8215E+002
283.0000,-3.8031E+002
284.0000,-3.8032E+002
285.0000,-3.8199E+002
286.0000,-3.8292E+002
287.0000,-3.8249E+002
288.0000,-3.8083E+002
289.0000,-3.8159E+002
290.0000,-3.8173E+002
291.0000,-3.7771E+002
292.0000,-3.7704E+002
293.0000,-3.6976E+002
294.0000,-3.6891E+002
295.0000,-3.6725E+002
296.0000,-3.6299E+002
297.0000,-3.5807E+002
298.0000,-3.5342E+002
299.0000,-3.4988E+002
300.0000,-3.4961E+002
301.0000,-3.5758E+002
302.0000,-3.5572E+002
303.0000,-3.5760E+002
304.0000,-3.6098E+002
305.0000,-3.6471E+002
306.0000,-3.6163E+002
307.0000,-3.5795E+002
308.0000,-3.5395E+002
309.0000,-3.5257E+002
310.0000,-3.5420E+002
311.0000,-3.5326E+002
312.0000,-3.4796E+002
313.0000,-3.4191E+002
314.0000,-3.3119E+002
315.0000,-3.2463E+002
316.0000,-3.4013E+002
317.0000,-3.1445E+002
318.0000,-3.0790E+002
319.0000,-3.3655E+002
320.0000,-3.3911E+002
321.0000,-3.4382E+002
322.0000,-3.4440E+002
323.0000,-3.4084E+002
324.0000,-3.3843E+002
325.0000,-3.3970E+002
326.0000,-3.4205E+002
327.0000,-3.4054E+002
328.0000,-3.3307E+002
329.0000,-3.2984E+002
330.0000,-3.2968E+002
331.0000,-3.2682E+002
332.0000,-3.2345E+002
333.0000,-3.2118E+002
334.0000,-3.1920E+002
335.0000,-3.1892E+002
336.0000,-3.2046E+002
337.0000,-3.2308E+002
338.0000,-3.2606E+002
339.0000,-3.3125E+002
340.0000,-3.3927E+002
341.0000,-3.4027E+002
342.0000,-3.3803E+002
343.0000,-3.3746E+002
344.0000,-3.3517E+002
345.0000,-3.3185E+002
346.0000,-3.2802E+002
347.0000,-3.2654E+002
348.0000,-3.2750E+002
349.0000,-3.2765E+002
350.0000,-3.2770E+002
351.0000,-3.2863E+002
352.0000,-3.2692E+002
353.0000,-3.2722E+002
354.0000,-3.2964E+002
355.0000,-3.3554E+002
356.0000,-3.4374E+002
357.0000,-3.4666E+002
358.0000,-3.4133E+002
359.0000,-3.3698E+002
360.0000,-3.3423E+002
361.0000,-3.3293E+002
362.0000,-3.3307E+002
363.0000,-3.3476E+002
364.0000,-3.3535E+002
365.0000,-3.3387E+002
366.0000,-3.3302E+002
367.0000,-3.3348E+002
368.0000,-3.2688E+002
369.0000,-3.2478E+002
370.0000,-3.2701E+002
371.0000,-3.2394E+002
372.0000,-3.1692E+002
373.0000,-3.1649E+002
374.0000,-3.1817E+002
375.0000,-3.2151E+002
376.0000,-3.2688E+002
377.0000,-3.2836E+002
378.0000,-3.3100E+002
379.0000,-3.3338E+002
380.0000,-3.3429E+002
381.0000,-3.3354E+002
382.0000,-3.3423E+002
383.0000,-3.3046E+002
384.0000,-3.3027E+002
385.0000,-3.3073E+002
386.0000,-3.3154E+002
387.0000,-3.2763E+002
388.0000,-3.2425E+002
389.0000,-3.2060E+002
390.0000,-3.1905E+002
391.0000,-3.1874E+002
392.0000,-3.2029E+002
393.0000,-3.2015E+002
394.0000,-3.1847E+002
395.0000,-3.1730E+002
396.0000,-3.1902E+002
397.0000,-3.2233E+002
398.0000,-3.2792E+002
399.0000,-3.3275E+002
400.0000,-3.3534E+002
401.0000,-3.3755E+002
402.0000,-3.3876E+002
403.0000,-3.3891E+002
404.0000,-3.4047E+002
405.0000,-3.4156E+002
406.0000,-3.4206E+002
407.0000,-3.4082E+002
408.0000,-3.3867E+002
409.0000,-3.3774E+002
410.0000,-3.3661E+002
411.0000,-3.3580E+002
412.0000,-3.3638E+002
413.0000,-3.3689E+002
414.0000,-3.3886E+002
415.0000,-3.4385E+002
416.0000,-3.4806E+002
417.0000,-3.5107E+002
418.0000,-3.5136E+002
419.0000,-3.5283E+002
420.0000,-3.5026E+002
421.0000,-3.4928E+002
422.0000,-3.4751E+002
423.0000,-3.4283E+002
424.0000,-3.4071E+002
425.0000,-3.4197E+002
426.0000,-3.4697E+002
427.0000,-3.4594E+002
428.0000,-3.4377E+002
429.0000,-3.4408E+002
430.0000,-3.4279E+002
431.0000,-3.4299E+002
432.0000,-3.4550E+002
433.0000,-3.4784E+002
434.0000,-3.5005E+002
435.0000,-3.5398E+002
436.0000,-3.5572E+002
437.0000,-3.4881E+002
438.0000,-3.4933E+002
439.0000,-3.5173E+002
440.0000,-3.5246E+002
441.0000,-3.5049E+002
442.0000,-3.5020E+002
443.0000,-3.5231E+002
444.0000,-3.5266E+002
445.0000,-3.5405E+002
446.0000,-3.5623E+002
447.0000,-3.5605E+002
448.0000,-3.5451E+002
449.0000,-3.5221E+002
450.0000,-3.4797E+002
451.0000,-3.4767E+002
452.0000,-3.5187E+002
453.0000,-3.5717E+002
454.0000,-3.5333E+002
455.0000,-3.5419E+002
456.0000,-3.5729E+002
457.0000,-3.6183E+002
458.0000,-3.6648E+002
459.0000,-3.7120E+002
460.0000,-3.6959E+002
461.0000,-3.6929E+002
462.0000,-3.7077E+002
463.0000,-3.7294E+002
464.0000,-3.7299E+002
465.0000,-3.7352E+002
466.0000,-3.7610E+002
467.0000,-3.7888E+002
468.0000,-3.8277E+002
469.0000,-3.8602E+002
470.0000,-3.8133E+002
471.0000,-3.7432E+002
472.0000,-3.7175E+002
473.0000,-3.7229E+002
474.0000,-3.7274E+002
475.0000,-3.7187E+002
476.0000,-3.7306E+002
477.0000,-3.7498E+002
478.0000,-3.7303E+002
479.0000,-3.7302E+002
480.0000,-3.7415E+002
481.0000,-3.7546E+002
482.0000,-3.7811E+002
483.0000,-3.7785E+002
484.0000,-3.8057E+002
485.0000,-3.8554E+002
486.0000,-3.8654E+002
487.0000,-3.8331E+002
488.0000,-3.8295E+002
489.0000,-3.8274E+002
490.0000,-3.8345E+002
491.0000,-3.8645E+002
492.0000,-3.8937E+002
493.0000,-3.9194E+002
494.0000,-3.9473E+002
495.0000,-3.9667E+002
496.0000,-3.9851E+002
497.0000,-4.0147E+002
498.0000,-4.0476E+002
499.0000,-4.0732E+002
500.0000,-4.0746E+002
501.0000,-4.0263E+002
502.0000,-3.9789E+002
503.0000,-3.9551E+002
504.0000,-3.9506E+002
505.0000,-3.9652E+002
506.0000,-3.9939E+002
507.0000,-4.0233E+002
508.0000,-4.0169E+002
509.0000,-3.9998E+002
510.0000,-4.0066E+002
511.0000,-4.0308E+002
512.0000,-4.0474E+002
513.0000,-4.0744E+002
514.0000,-4.0839E+002
515.0000,-4.1136E+002
516.0000,-4.1050E+002
517.0000,-4.0858E+002
518.0000,-4.0892E+002
519.0000,-4.0889E+002
520.0000,-4.1120E+002
521.0000,-4.1235E+002
522.0000,-4.1205E+002
523.0000,-4.1325E+002
524.0000,-4.1330E+002
525.0000,-4.1673E+002
526.0000,-4.1868E+002
527.0000,-4.1959E+002
528.0000,-4.1994E+002
529.0000,-4.1993E+002
530.0000,-4.1727E+002
531.0000,-4.1799E+002
532.0000,-4.2028E+002
533.0000,-4.2264E+002
534.0000,-4.2495E+002
535.0000,-4.2570E+002
536.0000,-4.2786E+002
537.0000,-4.2813E+002
538.0000,-4.2924E+002
539.0000,-4.2984E+002
540.0000,-4.3070E+002
541.0000,-4.3032E+002
542.0000,-4.3054E+002
543.0000,-4.3121E+002
544.0000,-4.3147E+002
545.0000,-4.3070E+002
546.0000,-4.3162E+002
547.0000,-4.3489E+002
548.0000,-4.3739E+002
549.0000,-4.3799E+002
550.0000,-4.3110E+002
551.0000,-4.2534E+002
552.0000,-4.2624E+002
553.0000,-4.2579E+002
554.0000,-4.2608E+002
555.0000,-4.2618E+002
556.0000,-4.2817E+002
557.0000,-4.2843E+002
558.0000,-4.3004E+002
559.0000,-4.3007E+002
560.0000,-4.3131E+002
561.0000,-4.2959E+002
562.0000,-4.2545E+002
563.0000,-4.2425E+002
564.0000,-4.1983E+002
565.0000,-4.1368E+002
566.0000,-4.2286E+002
567.0000,-4.2387E+002
568.0000,-4.2601E+002
569.0000,-4.2813E+002
570.0000,-4.2767E+002
571.0000,-4.2833E+002
572.0000,-4.2841E+002
573.0000,-4.2838E+002
574.0000,-4.2472E+002
575.0000,-4.2080E+002
576.0000,-4.1888E+002
577.0000,-4.1874E+002
578.0000,-4.1779E+002
579.0000,-4.1871E+002
580.0000,-4.2196E+002
581.0000,-4.2413E+002
582.0000,-4.3141E+002
583.0000,-4.2124E+002
584.0000,-4.2025E+002
585.0000,-4.1410E+002
586.0000,-4.1422E+002
587.0000,-4.1540E+002
588.0000,-4.1524E+002
589.0000,-4.1644E+002
590.0000,-4.1339E+002
591.0000,-4.1107E+002
592.0000,-4.1085E+002
593.0000,-4.0448E+002
594.0000,-4.0893E+002
595.0000,-4.1666E+002
596.0000,-4.1932E+002
597.0000,-4.0646E+002
598.0000,-4.0641E+002
599.0000,-4.0619E+002
600.0000,-4.0438E+002
601.0000,-4.0107E+002
602.0000,-3.9760E+002
603.0000,-3.9556E+002
604.0000,-3.9407E+002
605.0000,-3.9568E+002
606.0000,-3.9516E+002
607.0000,-3.9775E+002
608.0000,-3.9565E+002
609.0000,-3.9416E+002
610.0000,-3.9645E+002
611.0000,-3.9942E+002
612.0000,-3.9897E+002
613.0000,-3.9557E+002
614.0000,-3.9685E+002
615.0000,-3.9484E+002
616.0000,-3.9191E+002
617.0000,-3.9223E+002
618.0000,-3.9118E+002
619.0000,-3.9262E+002
620.0000,-3.9095E+002
621.0000,-3.8925E+002
622.0000,-3.8548E+002
623.0000,-3.8509E+002
624.0000,-3.8492E+002
625.0000,-3.8446E+002
626.0000,-3.8543E+002
627.0000,-3.8306E+002
628.0000,-3.8402E+002
629.0000,-3.8486E+002
630.0000,-3.8155E+002
631.0000,-3.7877E+002
632.0000,-3.7711E+002
633.0000,-3.7836E+002
634.0000,-3.7960E+002
635.0000,-3.7966E+002
636.0000,-3.8086E+002
637.0000,-3.8111E+002
638.0000,-3.8276E+002
639.0000,-3.8480E+002
640.0000,-3.8403E+002
641.0000,-3.8475E+002
642.0000,-3.7839E+002
643.0000,-3.7246E+002
644.0000,-3.7098E+002
645.0000,-3.7197E+002
646.0000,-3.7179E+002
647.0000,-3.7044E+002
648.0000,-3.7189E+002
649.0000,-3.7290E+002
650.0000,-3.7133E+002
651.0000,-3.8509E+002
652.0000,-3.7917E+002
653.0000,-3.7830E+002
654.0000,-3.7608E+002
655.0000,-3.7453E+002
656.0000,-3.7217E+002
657.0000,-3.6782E+002
658.0000,-3.6619E+002
659.0000,-3.6290E+002
660.0000,-3.5803E+002
661.0000,-3.5428E+002
662.0000,-3.5206E+002
663.0000,-3.5054E+002
664.0000,-3.4955E+002
665.0000,-3.4901E+002
666.0000,-3.5156E+002
667.0000,-3.5119E+002
668.0000,-3.4855E+002
669.0000,-3.4943E+002
670.0000,-3.4127E+002
671.0000,-3.3350E+002
672.0000,-3.2622E+002
673.0000,-3.3379E+002
674.0000,-3.4369E+002
675.0000,-3.4527E+002
676.0000,-3.3525E+002
677.0000,-3.3092E+002
678.0000,-3.4267E+002
679.0000,-3.4225E+002
680.0000,-3.4240E+002
681.0000,-3.4389E+002
682.0000,-3.4271E+002
683.0000,-3.3709E+002
684.0000,-3.3343E+002
685.0000,-3.3327E+002
686.0000,-3.3405E+002
687.0000,-3.2625E+002
688.0000,-3.2252E+002
689.0000,-3.2169E+002
690.0000,-3.1850E+002
691.0000,-3.1779E+002
692.0000,-3.2045E+002
693.0000,-3.2880E+002
694.0000,-3.3076E+002
695.0000,-3.3179E+002
696.0000,-3.3142E+002
697.0000,-3.2893E+002
698.0000,-3.2812E+002
699.0000,-3.2985E+002
700.0000,-3.3428E+002
701.0000,-3.3616E+002
702.0000,-3.3857E+002
703.0000,-3.4021E+002
704.0000,-3.4188E+002
705.0000,-3.4484E+002
706.0000,-3.4259E+002
707.0000,-3.4070E+002
708.0000,-3.4093E+002
709.0000,-3.3897E+002
710.0000,-3.3444E+002
711.0000,-3.3097E+002
712.0000,-3.3012E+002
713.0000,-3.3044E+002
714.0000,-3.3090E+002
715.0000,-3.3279E+002
716.0000,-3.3309E+002
717.0000,-3.3269E+002
718.0000,-3.3207E+002
719.0000,-3.3214E+002
720.0000,-3.3276E+002
721.0000,-3.3376E+002
722.0000,-3.3717E+002
723.0000,-3.4242E+002
724.0000,-3.4217E+002
725.0000,-3.4120E+002
726.0000,-3.4262E+002
727.0000,-3.4495E+002
728.0000,-3.4617E+002
729.0000,-3.4432E+002
730.0000,-3.3959E+002
731.0000,-3.3580E+002
732.0000,-3.3628E+002
733.0000,-3.3805E+002
734.0000,-3.4390E+002
735.0000,-3.3860E+002
736.0000,-3.3551E+002
737.0000,-3.2761E+002
738.0000,-3.2173E+002
739.0000,-3.1830E+002
740.0000,-3.1438E+002
741.0000,-3.1451E+002
742.0000,-3.1717E+002
743.0000,-3.1833E+002
744.0000,-3.1871E+002
745.0000,-3.1931E+002
746.0000,-3.1871E+002
747.0000,-3.1902E+002
748.0000,-3.2212E+002
749.0000,-3.2384E+002
750.0000,-3.2607E+002
751.0000,-3.2782E+002
752.0000,-3.2959E+002
753.0000,-3.3063E+002
754.0000,-3.3056E+002
755.0000,-3.3172E+002
756.0000,-3.3322E+002
757.0000,-3.2999E+002
758.0000,-3.2800E+002
759.0000,-3.2862E+002
760.0000,-3.2630E+002
761.0000,-3.2466E+002
762.0000,-3.2705E+002
763.0000,-3.2660E+002
764.0000,-3.2565E+002
765.0000,-3.2620E+002
766.0000,-3.2436E+002
767.0000,-3.2306E+002
768.0000,-3.2413E+002
769.0000,-3.2647E+002
770.0000,-3.3011E+002
771.0000,-3.3174E+002
772.0000,-3.3143E+002
773.0000,-3.2855E+002
774.0000,-3.2429E+002
775.0000,-3.2184E+002
776.0000,-3.1293E+002
777.0000,-3.1156E+002
778.0000,-3.1110E+002
779.0000,-3.0868E+002
780.0000,0.0000E+000
781.0000,0.0000E+000
782.0000,-2.5251E+002
783.0000,-3.0932E+002
784.0000,0.0000E+000
785.0000,0.0000E+000
786.0000,0.0000E+000
787.0000,0.0000E+000
788.0000,0.0000E+000
789.0000,0.0000E+000
790.0000,-3.0932E+002
791.0000,0.0000E+000
792.0000,-3.1099E+002
793.0000,-3.1640E+002
794.0000,-3.1900E+002
795.0000,-3.1840E+002
796.0000,-3.1946E+002
797.0000,-3.2194E+002
798.0000,-3.2556E+002
799.0000,-3.2979E+002
800.0000,-3.3451E+002
801.0000,-3.3612E+002
802.0000,-3.3674E+002
803.0000,-3.4043E+002
804.0000,-3.4190E+002
805.0000,-3.4470E+002
806.0000,-3.4813E+002
807.0000,-3.4695E+002
808.0000,-3.4657E+002
809.0000,-3.4656E+002
810.0000,-3.4753E+002
811.0000,-3.4916E+002
812.0000,-3.4905E+002
813.0000,-3.5032E+002
814.0000,-3.5250E+002
815.0000,-3.5787E+002
816.0000,-3.5591E+002
817.0000,-3.4935E+002
818.0000,-3.4668E+002
819.0000,-3.4715E+002
820.0000,-3.4851E+002
821.0000,-3.4863E+002
822.0000,-3.5149E+002
823.0000,-3.5872E+002
824.0000,-3.5819E+002
825.0000,-3.5654E+002
826.0000,-3.5745E+002
827.0000,-3.6159E+002
828.0000,-3.6659E+002
829.0000,-3.7249E+002
830.0000,-3.7694E+002
831.0000,-3.7468E+002
832.0000,-3.7385E+002
833.0000,-3.7670E+002
834.0000,-3.7875E+002
835.0000,-3.7803E+002
836.0000,-3.7695E+002
837.0000,-3.8072E+002
838.0000,-3.8403E+002
839.0000,-3.8439E+002
840.0000,-3.8695E+002
841.0000,-3.8213E+002
842.0000,-3.7940E+002
843.0000,-3.7398E+002
844.0000,-3.7049E+002
845.0000,-3.6893E+002
846.0000,-3.6715E+002
847.0000,-3.6580E+002
848.0000,-3.6615E+002
849.0000,-3.6909E+002
