2.702682e-07	15.3409
2.811123e-07	15.2883
3.8705076e-07	14.9034
5.4303889e-07	14.6352
7.8160897e-07	14.3989
5.1050661e-07	15.2562
4.871501e-07	16.0264
4.9298922e-07	15.6816
3.5201599e-07	13.7595
2.9195639e-07	11.8135
2.6776572e-07	12.6713
2.5441914e-07	12.9692
2.5275082e-07	14.819
2.5191666e-07	16.2132
2.3690176e-07	16.7999
2.5775579e-07	17.0846
2.4691169e-07	17.2773
3.9455821e-07	16.9819
3.5952344e-07	16.8058
2.4274089e-07	16.4354
2.2272102e-07	16.0664
1.2504075e-06	15.2289
1.0735654e-06	15.0014
6.5731897e-07	15.4024
4.8965258e-07	16.302
5.3302896e-07	16.6768
5.6055628e-07	16.4208
4.3793459e-07	17.17
4.2792466e-07	17.817
3.5702096e-07	16.3374
2.8611727e-07	16.3401
2.7277069e-07	16.9004
2.8278062e-07	17.4589
3.7453834e-07	17.2315
3.6703089e-07	16.8644
2.9279055e-07	17.1284
2.3356511e-07	17.1276
2.2939431e-07	16.9172
2.2021854e-07	17.9521
2.1771605e-07	18.4985
2.1437941e-07	18.6259
3.3449861e-07	18.5155
2.8611727e-07	18.0691
2.1771605e-07	18.8083
2.2438934e-07	18.5847
2.5608747e-07	18.5663
2.3106263e-07	18.6531
1.0135058e-06	18.3465
1.9969817e-06	17.1885
2.189673e-06	17.1304
1.2912814e-06	17.2282
6.7733883e-07	17.5745
5.7890782e-07	17.6027
5.0466748e-07	17.4857
4.0039734e-07	18.0057
1.5857403e-06	18.1316
1.5849061e-06	17.1228
1.0894144e-06	16.7647
8.28322e-07	16.7162
8.0997045e-07	17.545
6.3563078e-07	17.6819
5.5054634e-07	18.1255
4.9549171e-07	18.5191
4.5044701e-07	18.5864
4.2208553e-07	18.7781
4.0039734e-07	18.7441
3.9872902e-07	18.5808
3.9622653e-07	18.5806
3.7620667e-07	18.6673
3.3449861e-07	18.6218
3.111421e-07	17.882
2.9779552e-07	17.6117
3.8371412e-07	17.5374
3.7036754e-07	17.6271
2.7360485e-07	17.2864
2.5441914e-07	16.7171
2.5275082e-07	16.8929
3.0613713e-07	17.3035
2.7777565e-07	17.4836
2.3022847e-07	17.4031
2.2355518e-07	17.6832
2.0186699e-07	16.978
2.7694149e-07	17.6144
2.8278062e-07	17.7993
4.8631594e-07	18.2041
4.2542217e-07	18.6922
2.6943404e-07	19.0254
2.9862968e-07	18.9965
2.9112223e-07	19.0271
2.6693156e-07	18.6297
2.3022847e-07	17.4462
1.8351545e-07	15.8383
1.8101296e-07	15.5866
3.1030794e-07	15.5488
4.9298922e-07	16.0686
2.9696136e-07	16.4855
2.4858002e-07	17.3446
2.2188686e-07	17.8079
2.2355518e-07	18.0519
1.9185706e-07	18.065
1.8101296e-07	17.0582
1.5849061e-07	16.7041
1.5348565e-07	16.8538
1.6182726e-07	17.9018
1.7934464e-07	18.3146
1.8434961e-07	19.0448
1.5849061e-07	18.8238
1.8601793e-07	18.7622
1.8268129e-07	18.7164
1.4848068e-07	18.9865
1.4013907e-07	19.0504
1.2429001e-07	17.6296
1.2429001e-07	17.5768
1.1177759e-07	17.1275
1.1177759e-07	16.5518
1.1845088e-07	17.4705
1.1261175e-07	17.9387
2.2856015e-07	18.5992
4.3543211e-07	20.0938
4.0289982e-07	20.4671
3.8121163e-07	19.1359
3.712017e-07	16.9036
3.6619673e-07	16.9534
3.7370418e-07	17.9103
3.6369425e-07	16.5175
3.5535264e-07	15.8106
3.5451848e-07	17.0147
4.5962278e-07	17.6203
5.7056621e-07	17.5779
4.6462775e-07	16.6645
3.7287002e-07	15.9394
3.6035761e-07	16.178
3.5952344e-07	16.464
3.6286009e-07	16.8006
3.5785512e-07	16.13
3.4200606e-07	16.0029
3.4784519e-07	15.3435
3.3283029e-07	15.7184
3.3283029e-07	16.5038
3.3283029e-07	16.8859
3.2365452e-07	17.4533
3.2282036e-07	17.9701
3.2365452e-07	18.4749
3.0780545e-07	18.5284
7.4657421e-07	17.5443
5.7557118e-07	15.1973
3.3199613e-07	14.646
3.9622653e-07	14.5663
3.7203586e-07	15.8493
3.6035761e-07	16.096
3.4701103e-07	16.1608
3.8705076e-07	15.8554
3.6536257e-07	15.185
3.153129e-07	15.4341
3.2115203e-07	16.0059
3.26157e-07	14.1977
2.9862968e-07	13.9453
3.1030794e-07	12.4423
2.961272e-07	12.4623
2.9529304e-07	13.3912
3.2699116e-07	12.3073
3.2031787e-07	10.1321
3.2365452e-07	9.1257
3.0530297e-07	8.8461
3.0863962e-07	10.6072
3.111421e-07	11.3122
3.0196633e-07	12.59
3.0196633e-07	13.1554
2.8695143e-07	13.8138
3.2448868e-07	14.6408
3.3449861e-07	12.6602
3.4867935e-07	10.9241
3.3616693e-07	9.4531
3.2949364e-07	9.2922
3.1948371e-07	11.2809
3.4867935e-07	11.2535
3.6703089e-07	8.6041
3.5451848e-07	8.1405
3.6369425e-07	8.9911
3.5118183e-07	8.2778
3.8538244e-07	7.9796
3.8037747e-07	5.5755
3.6452841e-07	6.1878
4.1290976e-07	7.2854
4.6963271e-07	9.4194
3.9205573e-07	10.4645
4.3459795e-07	10.3678
4.0790479e-07	7.5157
3.8204579e-07	6.6894
3.6119177e-07	7.5899
3.5118183e-07	9.5194
3.8955325e-07	8.5853
4.1708056e-07	3.9404
3.8538244e-07	3.7225
1.3655218e-06	5.2555
1.4456012e-06	5.7129
5.0883829e-07	3.5322
3.8955325e-07	3.9388
3.561868e-07	3.7234
3.6035761e-07	4.0518
3.7287002e-07	5.516
3.9455821e-07	6.3674
3.5034767e-07	7.6432
3.0113217e-07	9.0552
4.8798426e-07	11.2435
7.0319783e-07	8.712
4.5128117e-07	5.5904
4.8798426e-07	5.8422
8.2665367e-07	5.9584
7.4574005e-07	4.2146
4.3459795e-07	3.3856
3.9789486e-07	3.2111
5.3970225e-07	4.3354
5.9308856e-07	4.7505
4.3459795e-07	4.2923
4.3543211e-07	4.8205
4.462762e-07	3.5347
3.7453834e-07	4.3323
3.5285016e-07	5.5809
3.26157e-07	7.3554
4.0707063e-07	9.9346
9.5678281e-07	9.2892
6.9569038e-07	5.0979
4.6295942e-07	2.771
4.1708056e-07	3.1387
3.8871908e-07	3.3876
3.6619673e-07	4.0314
8.1831206e-07	5.9255
7.1320776e-07	5.934
4.9048674e-07	4.3596
4.3209546e-07	3.7876
4.1290976e-07	4.2305
4.871501e-07	1.3205
4.012315e-07	1.0666
4.1124143e-07	3.4719
4.6546191e-07	3.1818
7.4740837e-07	0.2532
5.9976185e-07	0.2804
3.7620667e-07	1.2204
5.9725936e-07	2.7441
9.0423066e-07	4.6405
7.1737857e-07	4.4777
4.9716003e-07	4.4509
4.9549171e-07	5.3429
4.76306e-07	4.3178
4.421054e-07	2.8152
4.2625633e-07	3.0428
4.421054e-07	1.7304
4.1040727e-07	2.3806
3.9539237e-07	3.2336
4.2208553e-07	2.8855
4.7797432e-07	0.421
4.7046687e-07	0.3916
9.184114e-07	0.2506
7.532475e-07	0.3814
3.9205573e-07	0.776
4.0540231e-07	1.9877
4.462762e-07	0.2606
4.5128117e-07	0.3081
5.4053641e-07	0.2926
3.8871908e-07	1.192
3.7870915e-07	2.6
3.6536257e-07	4.2694
1.0168424e-06	5.1547
8.133071e-07	4.066
5.213507e-07	4.2949
4.871501e-07	3.0573
4.4460788e-07	2.748
4.2291969e-07	3.276
4.1124143e-07	3.9445
4.1708056e-07	3.0775
4.0790479e-07	2.1079
5.622246e-07	0.6921
1.5890769e-06	0.2081
6.6983138e-07	1.8444
4.8131097e-07	2.6284
4.4043707e-07	2.144
3.970607e-07	2.4559
4.2542217e-07	3.4969
6.8651461e-07	4.7222
7.5825246e-07	4.4592
1.2570808e-06	5.6479
1.0293548e-06	5.4904
6.52314e-07	6.0479
6.3145997e-07	5.1301
5.6722956e-07	3.8515
4.8798426e-07	3.733
4.871501e-07	2.586
4.6045694e-07	2.182
4.3543211e-07	2.956
4.8881842e-07	5.547
8.1414126e-07	4.3118
6.7984132e-07	2.3982
5.1634574e-07	3.9833
4.8047681e-07	3.5552
5.2301902e-07	3.2047
3.9789486e-07	5.7927
2.702682e-07	7.0083
2.2856015e-07	7.014
2.210527e-07	8.9408
2.2856015e-07	8.5162
2.3523344e-07	4.0558
1.9853035e-07	5.0404
1.9018874e-07	7.6007
2.5191666e-07	5.675
2.7110237e-07	3.3831
2.3940424e-07	3.9761
2.8444894e-07	5.134
2.7694149e-07	5.944
2.7610733e-07	6.1066
3.0196633e-07	6.2692
3.4784519e-07	6.4317
3.8538244e-07	6.5943
4.8631594e-07	6.7569
5.2718983e-07	6.9195
5.3302896e-07	7.082
5.7473701e-07	7.2446
6.372991e-07	7.4072
6.7650467e-07	7.5697
6.5064568e-07	7.7323
6.7817299e-07	7.8949
7.1737857e-07	8.0575
7.6993072e-07	8.22
8.1247294e-07	8.3826
8.3499529e-07	8.5452
8.6752757e-07	8.7077
1.0435356e-06	8.8703
1.0810728e-06	9.0329
9.8013932e-07	9.1954
1.0176766e-06	9.358
1.0552138e-06	9.5206
1.0944194e-06	9.6832
1.1319566e-06	9.8457
1.1744989e-06	10.0083
1.3404969e-06	10.1709
1.3730292e-06	10.3334
1.2821056e-06	10.496
1.3188087e-06	10.6586
1.356346e-06	10.8212
1.3955516e-06	10.9837
1.4330888e-06	11.1463
1.4706261e-06	11.3089
1.5081633e-06	11.4714
1.5457006e-06	11.634
1.609931e-06	11.7966
1.6491365e-06	11.9591
1.6583123e-06	12.1217
1.7542408e-06	12.2843
1.9711227e-06	11.9965
1.9444296e-06	12.6805
1.806793e-06	13.3479
1.7025229e-06	13.0467
1.682503e-06	13.2923
1.6850055e-06	13.6698
1.6758297e-06	13.6317
1.7041912e-06	14.0164
1.7175378e-06	14.5349
1.7325527e-06	14.9564
1.7383918e-06	15.0177
1.7417284e-06	14.807
1.7175378e-06	15.1508
1.7150353e-06	15.5157
1.7408943e-06	15.8024
1.7025229e-06	15.9213
2.1688189e-06	15.5625
2.2021854e-06	14.6486
1.7942806e-06	14.6852
1.7450651e-06	15.1161
1.7267135e-06	15.4769
1.7192061e-06	16.1153
1.7392259e-06	16.8329
1.7283818e-06	17.1725
1.7016887e-06	16.9241
1.6916788e-06	16.7678
1.6916788e-06	17.1657
1.7167036e-06	17.6187
1.7767632e-06	18.0374
1.8034564e-06	18.1881
1.7967831e-06	17.8802
1.8034564e-06	18.0917
1.7909439e-06	18.0868
1.7634166e-06	17.8887
1.7909439e-06	18.2267
1.8001197e-06	18.6298
1.9219072e-06	19.0196
1.9085607e-06	19.0382
1.7934464e-06	18.9667
1.7542408e-06	19.3866
1.7567433e-06	19.6675
1.7534067e-06	19.9799
1.7584116e-06	20.3854
1.9018874e-06	20.3806
1.9419271e-06	20.2893
1.8168029e-06	20.546
1.7525725e-06	20.51
1.7075278e-06	20.8291
1.7200402e-06	21.5202
1.7467334e-06	21.7856
1.7484017e-06	22.0246
1.7392259e-06	22.1716
1.7909439e-06	22.1376
1.785939e-06	22.1288
1.7150353e-06	22.195
1.6816688e-06	22.249
1.6941812e-06	22.8919
1.7417284e-06	23.4425
1.7375576e-06	23.4887
1.7383918e-06	23.6714
1.7450651e-06	23.6364
1.7425626e-06	22.919
1.7425626e-06	23.411
1.7408943e-06	24.0599
1.7609141e-06	24.4199
2.1821655e-06	23.517
1.9936451e-06	22.7421
1.7625825e-06	22.4869
1.7392259e-06	22.8524
1.7475676e-06	23.4299
1.755075e-06	23.7188
1.8126321e-06	23.5198
1.7942806e-06	23.4784
1.7700899e-06	23.4807
1.7408943e-06	23.9452
1.7250452e-06	24.1351
1.7517384e-06	24.3573
1.7684216e-06	23.8722
1.7133669e-06	23.0547
1.6950154e-06	22.7469
1.6691564e-06	22.8926
1.6749955e-06	22.8076
1.6883421e-06	22.8319
1.6941812e-06	23.0819
1.6332875e-06	23.666
1.5899111e-06	24.3912
1.7367235e-06	23.8521
1.8459986e-06	23.1863
1.6124335e-06	24.4505
1.6207751e-06	24.4802
1.6015894e-06	23.2076
1.5648863e-06	22.2396
1.5682229e-06	22.0233
1.5765645e-06	22.5264
1.6691564e-06	22.1124
1.661649e-06	21.7362
1.5882428e-06	22.128
1.5648863e-06	22.6192
1.5715596e-06	23.4534
1.5757304e-06	23.6013
1.5598813e-06	23.7626
1.6074285e-06	23.335
2.0361873e-06	21.5925
1.9118973e-06	21.2203
1.8960482e-06	20.9297
2.3056213e-06	20.3336
1.8284812e-06	20.5919
1.6533073e-06	20.6033
1.6366241e-06	21.2146
1.6241117e-06	21.3911
1.6299508e-06	21.9186
1.7492359e-06	22.0561
1.7450651e-06	22.2091
1.5932477e-06	22.7221
1.5907453e-06	23.306
1.5498714e-06	23.1264
1.5915794e-06	22.9548
2.0069917e-06	21.7465
1.6758297e-06	21.6031
1.5765645e-06	21.8315
1.5298515e-06	22.3445
1.3713609e-06	23.1966
9.6095362e-07	22.1492
9.1257227e-07	23.1355
8.7003005e-07	23.6166
8.1914622e-07	23.8788
8.5584931e-07	23.971
8.9004992e-07	23.5521
8.5584931e-07	23.5697
8.5418099e-07	23.4989
8.8921576e-07	23.5948
8.8003999e-07	22.6331
8.2999032e-07	21.4243
8.1497542e-07	21.1458
7.9328723e-07	21.3807
8.0079468e-07	21.7805
8.3332696e-07	21.4609
8.7503502e-07	20.3445
7.982922e-07	19.0378
7.4907669e-07	19.4268
7.273885e-07	19.8286
6.9986118e-07	18.9927
6.4063574e-07	19.1123
6.3896742e-07	18.8952
6.1894755e-07	18.9522
5.7306869e-07	19.343
5.1801406e-07	18.0533
4.8464761e-07	16.6183
4.8464761e-07	16.6104
4.721352e-07	17.6406
4.5378365e-07	18.0296
4.4460788e-07	17.6216
4.2959298e-07	17.6319
4.2959298e-07	18.1363
4.3626627e-07	18.3153
4.162464e-07	18.4257
4.0790479e-07	18.6724
4.5795446e-07	18.8626
4.5294949e-07	16.0615
3.8955325e-07	13.7794
3.8788492e-07	14.4751
5.3803393e-07	15.5044
6.1561091e-07	16.171
4.7547184e-07	15.6482
4.8631594e-07	16.2241
5.0466748e-07	16.4053
6.3396245e-07	15.0281
6.5898729e-07	15.4701
6.8901709e-07	17.119
1.1503082e-06	16.5774
9.1173811e-07	15.5773
7.123736e-07	15.5608
6.7733883e-07	15.3644
6.6232393e-07	13.7068
6.3479662e-07	13.793
5.6889789e-07	14.0241
5.4804386e-07	12.7831
4.8548177e-07	12.1837
3.7704083e-07	12.1864
3.6369425e-07	12.4135
2.8611727e-07	12.9008
1.6182726e-07	12.409
1.4848068e-07	13.8734
1.1845088e-07	13.8362
1.0593846e-07	11.4784
1.3429994e-07	10.1346
2.3690176e-07	9.5942
1.5098316e-07	7.4893
9.2591885e-08	7.9391
8.925524e-08	9.9401
8.4250274e-08	11.143
1.0260182e-07	11.686
1.0009933e-07	9.2942
9.676269e-08	7.6972
9.9265174e-08	8.73
9.9265174e-08	8.9908
9.9265174e-08	9.3864
9.676269e-08	10.1226
8.7586918e-08	8.4948
1.0260182e-07	5.2659
9.9265174e-08	3.7907
9.5928529e-08	5.3183
2.6693156e-07	6.3306
2.3356511e-07	2.6601
1.1511424e-07	1.7089
1.0593846e-07	3.3432
1.1511424e-07	2.8032
1.1511424e-07	2.8224
2.2188686e-07	4.7431
3.0113217e-07	8.759
1.4430987e-07	8.3792
5.7890782e-07	6.5748
4.5461781e-07	5.9374
2.0353531e-07	4.231
1.6266142e-07	4.3857
1.4013907e-07	5.889
1.3263162e-07	8.0556
3.1614707e-07	7.2637
2.7944398e-07	7.2381
2.0270115e-07	6.8111
2.1604773e-07	6.4486
2.2355518e-07	7.4625
2.2272102e-07	6.2057
2.0770612e-07	4.623
2.2188686e-07	5.4311
2.1271109e-07	4.7716
2.1855021e-07	3.1039
2.0854028e-07	3.7045
2.0436948e-07	4.1666
2.210527e-07	4.3758
1.9853035e-07	4.6117
1.9352538e-07	5.8182
2.2188686e-07	6.1985
2.4607753e-07	4.3321
2.7443901e-07	3.8192
2.702682e-07	3.664
2.6109243e-07	4.5696
2.8945391e-07	4.4722
3.5285016e-07	5.3192
5.1884822e-07	6.6328
4.6796439e-07	6.1589
3.8204579e-07	4.8908
3.6369425e-07	5.7451
3.5285016e-07	6.9703
4.1791472e-07	6.4395
6.1394259e-07	4.8253
1.6441316e-06	3.803
1.62578e-06	3.6461
1.5990869e-06	4.2669
1.6274484e-06	4.4319
1.6416291e-06	5.204
1.6224434e-06	3.9118
1.5857403e-06	3.4548
1.6324533e-06	2.2991
1.6266142e-06	0.9386
1.548203e-06	1.5592
1.5648863e-06	1.1477
1.532354e-06	1.6662
1.6115993e-06	2.721
1.604926e-06	2.5283
1.553208e-06	2.2642
1.5473689e-06	2.3134
1.5590471e-06	2.5824
1.5415298e-06	2.7261
1.4989875e-06	3.2429
1.4898118e-06	3.3709
1.4964851e-06	3.7129
1.4772994e-06	3.8448
1.4898118e-06	3.6665
1.5732279e-06	3.4748
1.6191067e-06	3.5626
1.5115e-06	3.7457
1.5123341e-06	3.8314
1.5465347e-06	2.6308
1.4556112e-06	2.1898
1.1503082e-06	2.4868
1.025184e-06	2.6121
9.1090395e-07	1.8819
7.8494562e-07	3.0466
8.4000025e-07	3.3927
8.3916609e-07	1.8904
7.0236367e-07	2.7036
7.3656427e-07	2.1619
6.6816306e-07	1.2344
5.7890782e-07	2.6033
5.5388299e-07	3.9571
5.5221466e-07	5.3768
5.8224446e-07	4.7108
5.6305876e-07	3.8357
5.6055628e-07	3.3054
5.9475688e-07	1.1122
5.5388299e-07	1.7628
7.7410152e-07	0.2575
6.8150964e-07	0.19
7.7410152e-07	0.4916
5.9142024e-07	0.9038
6.3479662e-07	0.3435
5.513805e-07	0.33
7.9078475e-07	0.4869
9.2007972e-07	1.76
7.1904689e-07	2.1235
6.4230407e-07	1.2862
6.0476682e-07	1.8776
6.1060594e-07	2.1941
6.0226433e-07	2.0728
5.9392272e-07	1.4854
5.8307863e-07	2.1232
6.7650467e-07	3.4522
6.8401212e-07	2.6454
1.0552138e-06	3.8426
2.3314803e-06	2.8927
2.2897723e-06	2.3135
1.6708247e-06	3.1299
1.6407949e-06	4.0245
1.6658198e-06	4.6393
1.6833371e-06	4.8027
1.7425626e-06	5.1727
1.6591465e-06	5.1133
1.5957502e-06	4.5992
1.7892756e-06	5.4619
1.7642508e-06	6.1251
1.5306857e-06	6.7856
1.4088981e-06	7.3044
1.3004572e-06	6.5517
1.2328901e-06	6.0432
1.4189081e-06	6.3446
1.2862765e-06	7.8005
1.1511424e-06	8.4902
1.0452039e-06	8.5891
9.8931509e-07	8.5034
9.634561e-07	8.3472
1.1086001e-06	10.6499
1.8134663e-06	9.0742
1.7317185e-06	7.185
1.5306857e-06	7.2171
1.4606161e-06	8.4104
1.3913808e-06	9.0077
1.2437342e-06	9.5522
1.1294542e-06	10.4374
1.0910828e-06	11.7002
1.0802387e-06	11.1022
9.3843126e-07	10.3975
8.3082448e-07	11.9332
9.6262194e-07	13.2828
1.0151741e-06	14.4351
1.2745982e-06	14.3194
1.2462367e-06	14.2483
1.0802387e-06	13.7042
9.8013932e-07	13.3441
9.6679274e-07	14.3117
1.2303877e-06	14.7313
1.4355913e-06	13.7032
1.3471702e-06	13.3611
1.3713609e-06	15.1717
1.2804373e-06	16.5672
1.6558098e-06	16.0444
2.5592063e-06	15.2083
1.8143004e-06	14.6412
1.6758297e-06	14.3769
1.62578e-06	13.5394
1.6040918e-06	13.0878
1.6291167e-06	12.3716
1.6858396e-06	11.9534
1.6349558e-06	12.2715
1.5648863e-06	12.8116
1.5390273e-06	13.802
1.5615496e-06	14.3232
1.6733272e-06	13.9124
1.5832378e-06	14.3287
1.4906459e-06	15.1286
1.4531087e-06	16.356
1.4280838e-06	17.6368
1.4147373e-06	18.5399
1.3580143e-06	19.0932
1.2562467e-06	19.5709
1.1761672e-06	20.0966
1.1202784e-06	20.4206
1.0827411e-06	21.0454
1.0410331e-06	21.2425
9.5177784e-07	18.8926
8.7420086e-07	17.5455
8.5084435e-07	18.3531
8.6085428e-07	19.6629
8.625226e-07	20.577
9.6929523e-07	20.8859
9.7680268e-07	21.2554
8.6419092e-07	20.0946
8.6085428e-07	18.4245
8.3916609e-07	17.2871
7.5908662e-07	17.5275
7.3072514e-07	18.3769
6.973587e-07	19.1726
6.8317796e-07	19.9697
6.6649474e-07	20.87
6.4063574e-07	21.1655
6.1727923e-07	21.3962
5.964252e-07	21.5897
6.3980158e-07	21.7387
8.28322e-07	21.7692
1.1619864e-06	21.4554
1.3922149e-06	20.0835
1.1686597e-06	19.7245
1.0919169e-06	20.1122
9.9598838e-07	21.0928
8.925524e-07	21.1755
1.1653231e-06	21.1401
1.3363261e-06	21.5275
1.1252834e-06	21.9533
1.0168424e-06	22.9149
9.334263e-07	23.5328
8.9672321e-07	23.7526
8.7920582e-07	23.7292
8.3416112e-07	24.2291
7.6325743e-07	24.48
9.0256234e-07	24.0002
1.1244492e-06	23.9052
9.8431013e-07	24.0016
8.7503502e-07	24.2429
8.3666361e-07	24.2856
7.5408166e-07	24.2624
6.9068541e-07	24.7959
5.9392272e-07	24.1989
5.2552151e-07	23.8337
5.5555131e-07	23.8247
7.8411146e-07	23.1808
7.0152951e-07	21.4979
5.063358e-07	20.8651
5.1384325e-07	21.5696
5.2552151e-07	21.6092
4.76306e-07	21.7601
5.0967245e-07	21.0793
5.5555131e-07	21.4879
5.814103e-07	21.612
9.9098342e-07	21.9239
9.375971e-07	22.6157
7.3906676e-07	22.9734
7.0903696e-07	23.3597
5.9976185e-07	23.4671
5.8558111e-07	23.2606
6.2395252e-07	23.0168
1.5757304e-06	22.8192
1.4414304e-06	23.7328
1.0527113e-06	23.4267
8.5251267e-07	23.3447
7.6909656e-07	23.3428
7.5825246e-07	24.062
7.4991085e-07	24.8528
6.9068541e-07	25.0281
6.0059601e-07	24.5648
5.1634574e-07	23.5753
4.6045694e-07	22.8772
4.3876875e-07	23.1623
4.2125137e-07	23.282
3.9956318e-07	23.5113
3.7370418e-07	23.6628
4.8047681e-07	23.7101
4.8214513e-07	23.9136
4.5294949e-07	24.1917
4.0373398e-07	22.8644
3.6035761e-07	22.4209
3.2365452e-07	21.5301
2.9529304e-07	21.6954
2.7777565e-07	22.7536
2.6526324e-07	22.895
2.7360485e-07	22.1646
2.702682e-07	21.1985
2.3773592e-07	21.2711
2.2021854e-07	21.6223
4.4460788e-07	21.6739
6.823438e-07	22.2982
4.4293956e-07	21.8359
3.8538244e-07	21.2862
3.6369425e-07	21.4882
3.5034767e-07	22.1501
3.6619673e-07	22.3359
3.4200606e-07	22.6644
3.1030794e-07	22.6513
3.7620667e-07	22.9148
3.5201599e-07	22.8536
2.6192659e-07	21.4692
2.3273095e-07	20.774
2.2355518e-07	21.1417
2.1354525e-07	21.9014
1.7183719e-07	20.3653
1.9018874e-07	19.2399
2.1104276e-07	18.7961
1.9936451e-07	19.3307
1.8685209e-07	19.587
1.7684216e-07	19.8975
1.7350551e-07	20.2428
1.6850055e-07	20.6805
1.5849061e-07	21.1692
1.4764652e-07	20.9055
3.4784519e-07	20.7429
3.8788492e-07	21.1856
2.7944398e-07	20.9239
2.5858995e-07	20.8824
2.4858002e-07	21.3457
2.6276075e-07	21.6798
2.5942411e-07	21.5729
2.1771605e-07	20.486
1.9936451e-07	19.7499
1.7183719e-07	16.5895
1.309633e-07	15.3682
1.1177759e-07	16.319
1.0009933e-07	16.9079
9.3426046e-08	17.144
8.6752757e-08	17.4777
7.8411146e-08	17.8454
7.0069534e-08	18.5862
4.8881842e-07	16.8206
6.6065561e-07	17.4509
4.0289982e-07	17.8799
3.5952344e-07	17.738
3.7787499e-07	17.5876
8.6752757e-07	17.2116
1.6683222e-06	17.4046
1.4964851e-06	18.6293
2.6626423e-06	18.7684
2.0320165e-06	19.2761
1.4330888e-06	18.4483
1.7016887e-06	16.8729
2.2372201e-06	15.7251
1.8877066e-06	16.032
1.5265149e-06	16.0722
1.3988882e-06	16.228
1.3780342e-06	17.069
1.3630193e-06	17.639
1.4139031e-06	18.0735
1.428918e-06	17.1588
1.3888783e-06	16.6202
1.3646876e-06	16.8934
1.361351e-06	17.1578
1.351341e-06	16.6288
1.4180739e-06	15.9965
1.4314205e-06	15.7973
1.4372596e-06	14.5723
1.4489379e-06	13.5067
1.3988882e-06	13.2733
1.3496727e-06	13.8145
1.2253827e-06	14.2932
1.1010927e-06	14.6509
9.5177784e-07	15.3637
7.8411146e-07	14.7369
7.1821273e-07	14.8684
6.4397239e-07	13.5647
9.2675301e-07	12.562
2.1988487e-06	13.8003
1.7350551e-06	13.9667
1.3830391e-06	12.8684
1.4180739e-06	12.4428
1.4364255e-06	13.4289
1.3730292e-06	13.6452
1.3555118e-06	13.9481
1.2420659e-06	14.4739
1.2128703e-06	15.2325
1.1294542e-06	15.9377
1.0702287e-06	15.3814
9.7012939e-07	12.7611
1.2604175e-06	11.8531
1.6708247e-06	12.9792
1.3997224e-06	12.4079
1.3188087e-06	12.6026
1.2312218e-06	11.2304
1.1261175e-06	10.1303
1.0176766e-06	10.12
9.334263e-07	10.424
8.625226e-07	10.7879
9.676269e-07	11.0933
1.9769619e-06	12.1736
1.7784315e-06	10.1998
1.5398614e-06	9.3934
1.4489379e-06	9.0635
1.3838733e-06	7.9865
1.3121354e-06	8.029
1.2562467e-06	7.9881
1.1102685e-06	8.6549
1.0693946e-06	9.2573
9.9432006e-07	9.838
9.4343623e-07	10.5486
1.1386299e-06	9.3825
1.8885408e-06	9.2139
2.0011525e-06	9.9859
1.6850055e-06	8.3468
1.5523739e-06	7.6895
1.5140024e-06	7.6479
1.5148366e-06	7.5713
1.5131683e-06	7.9198
1.4731285e-06	7.7354
1.423913e-06	7.8256
1.4088981e-06	8.2593
1.3463361e-06	8.7473
1.3163063e-06	9.6766
1.2754324e-06	10.2045
1.2712616e-06	10.9726
1.2187094e-06	10.2226
1.159484e-06	9.206
1.3813708e-06	9.5986
1.4005565e-06	8.3484
1.2228802e-06	6.5516
1.1653231e-06	6.5516
1.1369616e-06	7.117
1.1503082e-06	8.1758
1.3755317e-06	9.1157
1.7008545e-06	10.2638
1.6649856e-06	10.7379
1.5131683e-06	10.9872
1.5056608e-06	11.4915
1.4873093e-06	10.7348
1.6149359e-06	10.0865
1.5707254e-06	10.3865
1.5256807e-06	10.0746
1.5031583e-06	8.3736
1.5206757e-06	7.035
1.4781335e-06	6.687
1.4489379e-06	5.7957
1.3930491e-06	4.6361
1.3429994e-06	4.2975
1.2729299e-06	4.6344
1.2387293e-06	5.1643
1.325482e-06	5.8163
1.5448664e-06	5.957
1.4464354e-06	3.9483
1.3596826e-06	3.9427
1.309633e-06	2.9802
1.0760679e-06	3.8927
1.2162069e-06	4.0655
1.3880441e-06	4.5516
1.3179746e-06	3.8679
1.4022248e-06	2.073
1.3621851e-06	1.1662
9.9265174e-07	1.5001
9.7513435e-07	1.8704
1.1486399e-06	0.5026
1.6141018e-06	1.1675
1.4656211e-06	1.768
1.2754324e-06	2.4299
1.1060977e-06	2.8754
1.2378951e-06	2.9135
1.2245485e-06	2.6972
1.1444691e-06	2.7344
1.0285207e-06	2.9615
1.1252834e-06	3.6562
1.2937839e-06	4.1428
1.6866738e-06	4.2595
2.588402e-06	4.8326
2.6109243e-06	4.7739
1.9402588e-06	3.6344
1.7717582e-06	3.5177
1.7400601e-06	3.669
1.7525725e-06	3.7322
1.7667533e-06	3.3526
1.7559092e-06	2.6154
1.7383918e-06	2.1606
1.6541415e-06	2.3648
1.7567433e-06	1.6834
1.6916788e-06	1.4493
1.6491365e-06	1.2681
2.4240722e-06	2.8755
2.1880046e-06	3.4857
1.8193054e-06	3.4393
1.7517384e-06	3.5562
1.8485011e-06	4.4505
2.0820662e-06	4.9411
2.0987494e-06	5.1144
2.2480642e-06	4.9834
2.6701498e-06	5.4616
2.5358498e-06	4.7351
2.013665e-06	4.1118
1.8401594e-06	4.3069
1.811798e-06	5.0944
1.9511029e-06	5.8438
2.0395239e-06	6.2835
2.1287792e-06	5.6229
1.8626818e-06	4.8774
1.8009539e-06	5.4841
1.7400601e-06	5.7091
1.7308843e-06	6.35
1.6800005e-06	6.8684
1.6708247e-06	8.2564
1.6699906e-06	9.1978
1.6416291e-06	10.5923
1.6691564e-06	11.6582
1.6115993e-06	12.3223
1.6274484e-06	12.7292
1.8810333e-06	12.5188
2.013665e-06	12.8003
1.7901098e-06	13.201
1.7475676e-06	12.6089
1.7175378e-06	12.2765
1.7892756e-06	11.0137
1.7383918e-06	10.2145
1.8042905e-06	9.3072
1.6599806e-06	9.6113
1.6858396e-06	10.4727
1.6232775e-06	11.5394
1.6641514e-06	12.5502
1.6457999e-06	11.6489
1.6107651e-06	11.8479
1.7125328e-06	12.1549
1.6883421e-06	11.4064
1.6141018e-06	11.533
1.5748962e-06	12.2331
1.6925129e-06	13.5469
1.6658198e-06	13.1719
1.6474682e-06	11.0776
1.6065943e-06	12.0502
1.6449657e-06	11.0434
1.5732279e-06	10.6646
1.6441316e-06	11.2953
1.6407949e-06	10.4209
1.6783322e-06	9.2374
1.6107651e-06	9.3805
1.5707254e-06	11.153
1.6015894e-06	12.2382
1.5824037e-06	11.6789
1.5949161e-06	12.0756
1.5807353e-06	12.3369
1.574062e-06	12.822
1.5682229e-06	13.9155
1.604926e-06	15.209
1.6299508e-06	16.1655
1.5765645e-06	15.9173
1.5398614e-06	16.1101
1.6316192e-06	16.0229
1.6441316e-06	15.8649
1.5390273e-06	15.7583
1.5123341e-06	16.8129
1.5048267e-06	17.9462
1.5156708e-06	18.4481
1.5265149e-06	18.7155
1.4714602e-06	18.8896
1.3813708e-06	17.703
1.8134663e-06	17.0396
1.8351545e-06	18.2144
1.7016887e-06	18.2074
1.5498714e-06	17.4121
1.811798e-06	15.8171
1.8026222e-06	15.2221
1.5890769e-06	15.8391
1.5565447e-06	16.5955
1.4948167e-06	16.6799
1.5006559e-06	17.2726
1.6966837e-06	17.6679
1.7258794e-06	18.471
1.6015894e-06	18.6018
1.4956509e-06	17.6889
1.4714602e-06	15.6818
1.3997224e-06	15.3969
1.398054e-06	15.855
1.3947174e-06	15.504
1.3363261e-06	15.6706
1.257915e-06	15.6639
1.6866738e-06	15.9884
1.780934e-06	16.0148
1.5899111e-06	16.058
1.5181732e-06	17.0124
1.4614503e-06	18.2821
1.4422646e-06	19.6798
1.4272497e-06	20.8761
1.3746975e-06	21.5776
1.3830391e-06	20.8071
1.4464354e-06	20.8669
1.4155714e-06	21.8412
1.3446677e-06	22.3946
1.2629199e-06	22.6774
1.185343e-06	22.7041
1.1611523e-06	22.9097
1.2587491e-06	22.8436
1.1060977e-06	22.2816
9.676269e-07	21.7479
8.5501515e-07	19.9371
7.9328723e-07	19.6555
7.6575991e-07	20.4058
7.6158911e-07	21.6308
7.3906676e-07	22.2513
6.7733883e-07	20.6176
6.3145997e-07	20.9007
9.2675301e-07	21.3989
1.3029597e-06	22.4074
1.3847075e-06	22.0341
1.12862e-06	21.5642
9.2591885e-07	21.373
8.4834186e-07	22.0354
8.475077e-07	22.691
8.2331703e-07	22.1401
1.2604175e-06	21.639
1.7066937e-06	21.7214
1.3321553e-06	22.134
1.1569815e-06	22.4497
1.0960877e-06	22.7982
1.030189e-06	23.1354
8.583518e-07	22.8005
8.1414126e-07	22.241
7.8661394e-07	22.9855
8.8671328e-07	23.0648
1.1603181e-06	22.3108
1.2187094e-06	21.8302
1.3705267e-06	22.5953
1.0835753e-06	23.238
9.3676294e-07	23.2465
9.6429026e-07	22.8238
9.3175798e-07	22.9566
8.02463e-07	22.8457
7.5574998e-07	23.0805
1.0368623e-06	23.427
1.0852436e-06	23.5585
8.9171824e-07	24.0268
8.1163877e-07	24.1681
7.7576985e-07	23.9411
7.3990092e-07	24.1348
7.2154937e-07	24.8716
6.6566058e-07	24.641
6.0643514e-07	24.2403
5.3136064e-07	24.1845
4.8965258e-07	24.6363
4.6546191e-07	24.9166
4.4127123e-07	25.2974
4.7964265e-07	25.268
5.1884822e-07	25.5672
6.0893762e-07	25.4028
8.0579965e-07	25.3591
8.5584931e-07	25.0049
7.0736863e-07	25.4787
8.4166857e-07	25.2967
7.9495555e-07	25.2309
7.2238353e-07	25.2464
8.4917602e-07	24.3258
9.0423066e-07	23.1733
9.0589898e-07	23.3716
8.6919589e-07	24.0886
7.2572018e-07	24.0037
7.5157917e-07	22.9675
7.8244313e-07	22.5625
8.625226e-07	23.3303
7.424034e-07	24.1633
6.7733883e-07	24.9283
6.4063574e-07	25.3509
6.0476682e-07	25.266
6.6065561e-07	24.7143
6.7066554e-07	24.7883
5.772395e-07	24.6491
5.0550164e-07	24.1445
4.7964265e-07	23.7914
4.8214513e-07	23.8199
4.8881842e-07	23.6781
4.1708056e-07	22.086
3.6452841e-07	21.7202
3.4534271e-07	22.3299
3.4867935e-07	23.333
3.3866942e-07	24.0793
3.2282036e-07	24.2686
2.9862968e-07	23.5425
2.6776572e-07	23.2174
2.5275082e-07	23.4487
3.2949364e-07	23.4166
4.462762e-07	22.5946
3.2198619e-07	21.0841
2.5441914e-07	20.3441
2.3690176e-07	20.511
2.2021854e-07	20.7147
2.0854028e-07	21.3053
1.8935458e-07	22.0447
1.801788e-07	22.3189
1.6766639e-07	22.5028
1.5515397e-07	22.6858
1.4013907e-07	21.6367
1.0927511e-07	20.0347
9.9265174e-08	21.1206
1.0260182e-07	21.4601
8.0913629e-08	20.4404
7.0903696e-08	19.6703
6.8401212e-08	19.9498
6.8401212e-08	20.1828
8.2665367e-07	21.2855
6.3646494e-07	21.9492
5.0299916e-07	21.7315
4.1958305e-07	21.4167
3.7620667e-07	21.3944
3.5118183e-07	21.7558
3.1447874e-07	20.9361
4.2375385e-07	20.0713
6.823438e-07	20.7095
8.7420086e-07	20.5207
2.0578755e-06	20.0653
2.7402193e-06	19.1701
1.6950154e-06	19.7416
1.5048267e-06	20.0516
1.3963857e-06	19.9142
1.3872099e-06	19.8647
1.3646876e-06	19.3224
1.3538435e-06	18.9986
2.0670513e-06	18.7645
3.1030794e-06	17.9049
2.0328507e-06	16.8443
1.5423639e-06	16.3226
1.4681236e-06	16.0081
1.4372596e-06	16.0448
1.4430987e-06	16.3835
1.3997224e-06	15.7965
1.3463361e-06	16.5177
1.3288187e-06	16.9308
1.3505069e-06	17.6217
1.3813708e-06	17.9952
1.4088981e-06	18.4143
1.3413311e-06	19.2489
1.3630193e-06	17.9036
1.3605168e-06	14.9543
1.3429994e-06	15.0855
1.3705267e-06	15.2203
1.3104671e-06	14.5605
1.2904473e-06	14.0871
1.309633e-06	14.5343
1.3154721e-06	14.6516
1.3129696e-06	15.0099
1.309633e-06	15.3001
1.2937839e-06	15.2367
1.2971205e-06	15.4806
1.3004572e-06	15.7245
1.2904473e-06	15.7066
1.3321553e-06	14.9527
1.2971205e-06	14.2172
1.3087988e-06	14.0437
1.3154721e-06	13.7853
1.3746975e-06	13.7332
1.3204771e-06	13.143
1.351341e-06	12.4845
1.2879448e-06	12.4783
1.2278852e-06	11.3519
1.2003579e-06	11.1263
1.1845088e-06	11.0468
9.7680268e-07	11.0662
8.583518e-07	11.2542
7.7827233e-07	11.5089
7.5241333e-07	11.9798
6.673289e-07	10.3882
7.3322763e-07	7.8694
5.9392272e-07	7.1961
5.3553144e-07	7.4335
5.1968238e-07	8.5077
5.0383332e-07	9.582
5.0049667e-07	10.1033
4.6629607e-07	7.9059
4.5044701e-07	7.5107
4.3793459e-07	8.1927
7.7994065e-07	10.0588
9.1006979e-07	9.2407
8.8587911e-07	8.4225
7.4407172e-07	7.8564
7.4073508e-07	7.2157
7.3573011e-07	7.5274
7.1654441e-07	7.839
1.0743995e-06	7.6188
1.2645883e-06	7.3986
8.8003999e-07	5.9923
6.8067548e-07	4.5859
5.1050661e-07	4.085
4.3543211e-07	4.3145
3.6786506e-07	7.2791
4.2542217e-07	6.63
3.0363465e-07	5.5475
1.9018874e-07	2.0417
1.9185706e-07	0.9925
9.5094368e-08	5.0068
8.8421079e-08	4.8793
6.5898729e-08	4.7519
5.3386312e-08	2.6352
1.5849061e-08	3.8091
1.5849061e-08	4.9789
1.5849061e-08	4.2979
9.0923563e-08	5.5696
8.925524e-08	6.8413
1.9185706e-08	8.1129
1.9185706e-08	9.3846
1.7517384e-08	5.8869
5.0883829e-08	6.3058
5.0883829e-08	3.5587
1.5849061e-08	2.8264
2.252235e-08	6.0089
4.3376378e-08	6.2508
1.0927511e-07	6.4926
1.0176766e-07	6.7345
3.00298e-08	4.13
2.5858995e-08	2.695
1.7517384e-08	1.26
9.2591885e-08	0.2764
1.2178752e-07	0.2706
1.9185706e-08	0.5
9.3426046e-08	3.585
1.3763659e-07	6.931
1.7684216e-07	8.6697
2.1604773e-07	7
1.4430987e-07	7.2754
6.0059601e-08	7.5508
7.424034e-08	7.8262
7.2572018e-08	8.1016
4.8381345e-08	7.1754
7.9245307e-08	8.0086
1.0760679e-07	7.9914
2.2355518e-07	7.9068
5.7306869e-07	7.8222
6.8734877e-07	7.7376
4.2125137e-07	7.7394
3.411719e-07	7.4863
3.5368432e-07	5.5629
3.1447874e-07	5.193
3.2949364e-07	5.4471
2.702682e-07	4.0586
2.2021854e-07	5.5664
2.1771605e-07	5.683
1.7100303e-07	5.8238
2.210527e-07	4.2856
1.2095336e-07	2.5885
8.0079468e-08	5.23
6.1727923e-08	6.4016
5.3386312e-08	8.4912
5.7557118e-08	9.2107
8.174779e-08	5.4652
4.5878862e-08	3.63
1.50149e-08	7.97
1.8351545e-08	10.7388
1.50149e-08	6.0036
5.8391279e-09	4.9629
2.0854028e-08	6.0511
2.1688189e-08	4.1867
9.1757724e-09	6.6063
1.1678256e-08	7.2286
1.2512417e-08	9.6885
1.50149e-08	8.5971
1.5849061e-08	9.2639
4.3376378e-08	8.0212
4.5044701e-08	11.592
2.0854028e-08	11.463
2.5024834e-08	10.6014
2.5858995e-08	6.9607
2.5024834e-08	6.1916
4.9215506e-08	9.5384
8.3416112e-08	10.4948
6.2562084e-08	7.8755
3.1698123e-08	5.6307
3.3366445e-08	5.3198
3.4200606e-08	5.1403
3.6703089e-08	6.3224
5.5888795e-08	8.9375
5.8391279e-08	9.5688
4.0873895e-08	8.896
4.3376378e-08	8.0492
4.421054e-08	4.7207
4.6713023e-08	4.8957
6.1727923e-08	4.3191
9.0923563e-08	3.8478
7.8411146e-08	1.0505
5.2552151e-08	1.9073
9.3426046e-08	3.0961
1.0427014e-07	6.3164
6.673289e-08	6.4591
6.2562084e-08	6.7303
6.5064568e-08	9.8971
6.1727923e-08	8.6351
6.2562084e-08	6.2956
6.5064568e-08	8.0731
6.5898729e-08	10.8124
7.5074501e-08	11.0494
7.9245307e-08	13.3785
1.1177759e-07	13.5911
1.1428007e-07	13.5242
7.5908662e-08	11.48
1.9185706e-07	11.5948
1.9269122e-07	11.7894
7.7576985e-08	10.9908
1.6349558e-07	10.5602
1.6349558e-07	13.492
6.4230407e-08	12.7772
1.009335e-07	12.3978
8.925524e-08	8.1065
4.3376378e-08	9.4013
4.6713023e-08	10.8352
4.9215506e-08	12.3602
5.2552151e-08	14.3184
5.5054634e-08	15.1284
5.8391279e-08	14.6246
6.0893762e-08	15.2681
1.0427014e-07	15.5109
1.0677262e-07	16.0701
7.8411146e-08	15.3739
8.7586918e-08	15.1963
9.7596852e-08	12.817
1.2178752e-07	15.0448
1.0844095e-07	16.5691
1.5098316e-07	15.2105
2.6442908e-07	11.918
1.0418672e-06	11.2898
1.3913808e-06	12.1893
8.7837166e-07	14.5347
8.0913629e-07	15.7507
8.2164871e-07	17.033
7.5241333e-07	18.8517
6.8150964e-07	19.5683
6.5314816e-07	19.1206
6.6315809e-07	17.2605
4.8297929e-07	16.1802
4.3626627e-07	14.9428
2.9938043e-06	15.5587
2.0061575e-06	14.8434
1.5824037e-06	14.4551
1.4923143e-06	14.3539
1.4664553e-06	14.2315
1.4631186e-06	15.9309
1.3938832e-06	17.4142
1.4823043e-06	15.3076
1.5457006e-06	15.1888
1.3438336e-06	16.0624
1.2545783e-06	17.0705
1.0185107e-06	17.4343
8.8337663e-07	19.2659
7.3072514e-07	20.1608
6.5314816e-07	20.5692
6.6983138e-07	20.3436
5.7557118e-07	18.3179
5.9976185e-07	18.2266
7.7743817e-07	17.1278
1.485641e-06	16.5142
2.3423244e-06	16.2931
1.7433967e-06	17.3466
1.5215099e-06	18.6727
1.4364255e-06	19.8097
1.4397621e-06	20.0284
1.3488385e-06	20.4683
1.2537442e-06	20.2573
1.1169417e-06	20.2418
9.2925549e-07	19.9795
7.574183e-07	19.9555
6.564848e-07	20.4443
8.7086421e-07	20.2025
8.2415119e-07	19.749
5.9976185e-07	18.4817
4.8881842e-07	17.7302
4.7964265e-07	18.1018
4.2875882e-07	19.1185
3.7620667e-07	20.183
3.3283029e-07	20.7081
4.3626627e-07	20.8694
4.6045694e-07	20.8963
5.1634574e-07	21.0337
5.0800412e-07	20.9334
6.7984132e-07	20.7458
8.5584931e-07	22.2267
8.1163877e-07	22.1407
8.3082448e-07	21.8446
6.414699e-07	22.3085
3.9956318e-07	21.9246
2.6526324e-07	21.6977
2.7694149e-07	20.8586
1.1511424e-07	19.0051
9.676269e-08	17.2531
9.0089401e-08	16.7651
8.3416112e-08	16.384
7.7576985e-08	17.5159
7.0903696e-08	18.3103
6.4230407e-08	19.1731
5.5888795e-08	19.2891
4.9215506e-08	19.0236
5.8391279e-08	19.0997
1.0009933e-07	18.6661
8.8421079e-08	18.7589
3.5034767e-08	19.3706
2.5858995e-08	19.2664
2.5024834e-08	18.76
2.7527317e-08	19.0979
2.8361478e-08	19.4264
3.0863962e-08	19.9511
5.0049667e-08	20.2805
5.0883829e-08	20.5984
3.6703089e-08	20.4188
3.7537251e-08	19.5449
4.0039734e-08	19.5017
1.1094343e-07	19.5088
1.1344591e-07	19.6598
4.5878862e-08	20.3962
4.6713023e-08	20.5884
4.9215506e-08	21.1365
5.3386312e-08	21.4417
2.0436948e-07	20.8173
2.0270115e-07	20.5792
5.2552151e-08	19.4643
6.0893762e-08	19.6721
9.2591885e-08	19.5469
9.5928529e-08	18.8023
6.5064568e-08	17.6269
5.3386312e-08	17.8369
5.5054634e-08	18.7372
9.676269e-08	18.6746
9.8431013e-08	19.0409
6.5064568e-08	19.3365
6.1727923e-08	18.5248
5.5054634e-08	17.4691
1.4180739e-07	18.758
1.5849061e-07	18.8635
7.2572018e-08	18.2448
5.5888795e-08	17.7444
6.2562084e-08	18.4056
6.7567051e-08	19.111
5.922544e-08	19.5067
5.7557118e-08	19.0692
7.0903696e-08	19.4585
6.9235373e-08	19.9829
6.9235373e-08	20.4238
7.0903696e-08	21.0563
5.8391279e-08	20.5042
5.6722956e-08	20.2244
8.6752757e-08	20.6219
8.6752757e-08	20.911
5.6722956e-08	20.7482
5.8391279e-08	18.8126
5.8391279e-08	17.6944
5.8391279e-08	17.9186
5.8391279e-08	18.0166
5.8391279e-08	17.0603
1.1511424e-07	16.6029
1.2595833e-07	17.179
6.7567051e-08	17.8504
1.6766639e-07	16.692
2.1604773e-07	14.7228
1.0593846e-07	15.8683
5.922544e-08	16.7656
7.2572018e-08	17.7755
1.5098316e-07	16.3116
1.3763659e-07	14.2051
5.922544e-08	13.9286
6.0059601e-08	14.3455
6.0059601e-08	13.6209
6.1727923e-08	13.6621
1.801788e-07	14.4756
2.0019867e-07	16.3978
8.5084435e-08	16.5092
6.5064568e-08	16.4006
6.1727923e-08	16.9205
6.1727923e-08	17.398
6.3396245e-08	17.7366
6.4230407e-08	17.8246
7.0903696e-08	18.1839
7.0903696e-08	18.1351
6.2562084e-08	19.1847
6.2562084e-08	18.407
6.2562084e-08	18.0107
6.2562084e-08	18.4339
6.2562084e-08	18.8769
6.2562084e-08	19.0626
6.2562084e-08	19.1204
6.5064568e-08	16.9175
6.5064568e-08	15.2891
6.5064568e-08	12.9262
6.5064568e-08	12.8916
6.5064568e-08	13.6857
6.5064568e-08	14.114
6.5064568e-08	15.1214
6.5064568e-08	15.9504
6.8401212e-08	16.3248
1.2178752e-07	17.6561
2.5692163e-07	19.3393
2.1104276e-07	19.2574
1.6599806e-07	19.5654
1.6933471e-07	18.4558
8.5918596e-08	16.3458
7.5908662e-08	17.2324
6.7567051e-08	16.326
7.0903696e-08	16.0353
7.0903696e-08	15.7446
6.7567051e-08	15.4539
6.7567051e-08	15.1631
6.8401212e-08	14.8724
6.8401212e-08	14.5817
6.8401212e-08	14.291
2.852831e-07	14.0003
2.852831e-07	13.7096
6.8401212e-08	13.4189
6.8401212e-08	13.1282
6.8401212e-08	12.8374
8.5084435e-08	12.5467
1.4848068e-07	12.256
1.3263162e-07	11.9653
6.9235373e-08	11.6746
6.9235373e-08	11.3839
6.9235373e-08	11.0932
7.0903696e-08	10.8024
1.1094343e-07	10.5117
1.0927511e-07	10.221
7.424034e-08	9.9303
8.2581951e-08	9.6396
8.5918596e-08	9.3489
9.676269e-08	9.0582
9.0089401e-08	8.7675
7.1737857e-08	8.4767
8.6752757e-08	8.186
8.6752757e-08	7.8953
6.1727923e-08	7.2951
5.922544e-08	7.3375
5.922544e-08	7.549
5.2552151e-08	6.1892
5.2552151e-08	7.4035
7.5908662e-08	7.6882
6.2562084e-08	5.2898
5.5888795e-08	5.9479
7.6742823e-08	7.0029
7.5074501e-08	4.6227
6.5064568e-08	4.852
5.922544e-08	6.1401
6.1727923e-08	6.0947
5.8391279e-08	5.627
5.5888795e-08	5.8891
5.2552151e-08	6.4783
4.3376378e-08	7.0443
4.9215506e-08	7.1235
3.0863962e-08	6.4228
3.3366445e-08	6.633
2.7527317e-08	6.3557
3.2532284e-08	7.4673
3.5034767e-08	6.6905
1.7517384e-08	5.5908
2.1688189e-08	4.314
7.0903696e-08	3.928
6.4230407e-08	2.7184
2.6693156e-08	2.9494
4.5044701e-08	3.3013
4.8381345e-08	0.8573
2.1688189e-08	2.5328
2.1688189e-08	2.1054
1.2512417e-08	2.138
2.0019867e-08	3.2298
3.2532284e-08	5.2755
3.4200606e-08	5.9545
1.9185706e-08	6.7396
1.9185706e-08	4.7987
2.5858995e-08	5.6178
6.0059601e-08	7.8645
4.421054e-08	6.0382
2.1688189e-08	2.4845
1.6683222e-08	1.6299
1.8351545e-08	1.5084
2.1688189e-08	0.2771
1.8351545e-08	0.2604
1.50149e-08	0.2555
5.922544e-08	0.2138
1.7100303e-07	0.1809
1.0343598e-07	0.1724
3.6703089e-08	0.1052
1.7016887e-07	-0.0682
3.0196633e-07	-0.3025
1.5932477e-07	-1.0428
1.7684216e-07	-1.2658
6.8401212e-08	-0.4297
3.6703089e-08	0.2212
5.8391279e-09	0.2685
4.1708056e-08	0.2594
2.0937444e-07	2.6067
1.9435954e-07	2.0327
4.7547184e-08	0.2303
7.7576985e-08	0.2368
6.8401212e-08	0.2464
6.1727923e-08	0.2081
6.5064568e-08	0.2212
7.424034e-08	0.2462
8.6752757e-08	0.435
1.051043e-07	2.691
7.7576985e-08	4.6719
7.7576985e-08	5.8927
7.5074501e-08	3.6049
3.7537251e-08	2.1764
3.4200606e-08	2.1473
3.1698123e-08	3.3941
9.1757724e-08	5.6485
1.2095336e-07	5.1495
6.0059601e-08	2.0078
3.0863962e-08	0.9441
3.4200606e-08	2.4587
3.6703089e-08	1.7499
3.4200606e-08	0.3057
2.8027814e-07	0.5597
2.9529304e-07	1.6744
4.8381345e-08	2.1591
6.1060594e-07	2.9131
5.1300909e-07	2.6871
2.3356511e-08	2.7457
1.8268129e-07	4.1137
6.9068541e-07	7.1514
2.811123e-07	7.6641
9.2591885e-08	5.6416
3.6703089e-08	5.8762
1.8351545e-08	9.1304
1.7517384e-08	9.9151
3.0863962e-08	6.272
2.3356511e-08	6.0506
3.3366445e-08	6.5546
3.5868928e-08	9.096
1.2512417e-08	10.9044
1.50149e-08	12.7169
1.9185706e-08	10.8165
3.5868928e-08	11.1411
6.0893762e-08	11.8334
6.9235373e-08	9.9539
5.5888795e-08	7.8217
5.2552151e-08	8.1428
1.5181732e-07	9.2743
1.7767632e-07	6.7789
1.0260182e-07	5.2123
8.4250274e-08	5.6586
7.424034e-08	5.7673
7.7576985e-08	4.9697
8.3416112e-08	5.4223
8.2581951e-08	4.3035
7.5908662e-08	3.6685
6.8401212e-08	4.577
6.5898729e-08	5.5891
1.6349558e-07	3.7149
1.9686203e-07	3.9694
1.6933471e-07	3.1249
1.7517384e-07	4.2656
1.6933471e-07	5.5354
2.0937444e-07	6.1315
3.4200606e-07	8.1904
2.1521357e-07	8.641
5.9392272e-07	7.2188
6.564848e-07	5.2289
5.0133084e-07	5.4051
4.3543211e-07	5.7069
5.0049667e-07	4.7389
5.3803393e-07	5.7117
4.4877868e-07	6.1061
4.8881842e-07	5.6503
4.9465755e-07	7.7721
4.5294949e-07	10.1432
4.8381345e-07	10.6068
4.2875882e-07	8.9767
4.012315e-07	9.5019
3.9372405e-07	10.2411
3.8955325e-07	9.967
3.8121163e-07	10.7253
3.561868e-07	8.5069
3.3199613e-07	9.5411
3.4784519e-07	9.125
3.3032781e-07	8.2227
2.9445888e-07	7.444
2.7944398e-07	8.7718
2.5191666e-07	9.6321
2.3857008e-07	11.1657
2.2605766e-07	12.982
2.1187693e-07	14.399
5.5471715e-07	14.4448
1.0118374e-06	12.2136
6.7483635e-07	10.5617
5.4137057e-07	12.4288
5.3136064e-07	11.5876
4.4794452e-07	10.8227
3.9789486e-07	11.5033
3.7370418e-07	12.0704
4.2208553e-07	11.969
1.1578156e-06	11.3607
1.8902091e-06	12.1661
1.6149359e-06	13.0201
1.4906459e-06	14.0182
1.3988882e-06	14.4022
1.2846081e-06	13.03
1.1536448e-06	13.3093
1.0201791e-06	14.4236
9.0256234e-07	16.0705
8.2665367e-07	17.5535
7.4991085e-07	18.8568
6.4313823e-07	18.5923
6.0476682e-07	17.9849
5.5805379e-07	17.3202
5.6472708e-07	17.6078
5.0133084e-07	17.8228
4.721352e-07	18.4222
4.5211533e-07	19.1846
4.2875882e-07	20.4144
3.9205573e-07	21.0675
3.6619673e-07	21.5442
4.9799419e-07	21.0005
9.375971e-07	20.1577
1.9986501e-06	19.9583
2.6584715e-06	18.1505
2.4299114e-06	17.7242
1.8226421e-06	19.3894
1.6599806e-06	20.8702
1.7350551e-06	21.2784
1.7167036e-06	21.5515
1.5824037e-06	22.0754
1.5490372e-06	22.4361
1.6082626e-06	22.4927
1.7425626e-06	22.4193
1.7675874e-06	22.026
1.656644e-06	21.9347
1.6633173e-06	22.1151
1.6858396e-06	22.5185
1.6800005e-06	22.6523
1.599921e-06	22.5862
1.5665546e-06	22.6713
1.5206757e-06	22.3719
1.5023242e-06	22.0535
1.4956509e-06	22.2202
1.4781335e-06	22.2152
1.4864751e-06	23.2117
1.485641e-06	24.2015
1.1878454e-06	23.3617
2.7694149e-07	19.7041
1.5348565e-07	17.3723
1.3847075e-07	18.2472
1.4681236e-07	19.3901
2.210527e-07	19.1227
2.7944398e-07	20.1766
3.0196633e-07	21.4332
1.3037938e-06	24.737
1.4689577e-06	26.0231
1.4097323e-06	26.0146
1.3471702e-06	25.4933
1.3797025e-06	25.0223
1.0860778e-06	24.4092
8.4166857e-07	24.2551
7.6575991e-07	23.5923
8.1247294e-07	22.1661
6.9986118e-07	21.8117
5.1884822e-07	22.2665
4.120756e-07	22.4867
3.4450854e-07	22.8705
2.7860982e-07	23.2232
2.3273095e-07	23.3528
1.8268129e-07	23.3886
1.1261175e-07	23.3397
6.5898729e-08	22.6543
1.5932477e-07	21.9492
1.5098316e-07	20.0475
1.0844095e-08	18.4096
6.673289e-09	18.2706
8.3416112e-09	19.5145
2.252235e-08	20.5858
1.9185706e-08	20.6195
6.673289e-09	20.5859
9.1757724e-09	20.0862
1.1678256e-08	20.2506
4.5878862e-08	20.931
6.0059601e-08	21.0748
2.8361478e-08	20.4148
1.2512417e-08	18.9759
1.2512417e-08	19.2485
7.424034e-08	19.3557
1.309633e-07	19.042
1.7183719e-07	18.9587
1.9435954e-07	19.389
2.4774585e-07	19.1577
1.2679249e-07	19.604
2.5024834e-08	20.0864
1.5849061e-08	19.7999
8.3416112e-09	19.244
5.4220473e-08	19.8555
7.8411146e-08	19.4264
7.9245307e-08	19.8906
2.8444894e-07	19.7009
2.2272102e-07	19.1111
7.7576985e-08	19.664
2.1688189e-08	20.3637
1.50149e-08	20.6046
2.5024834e-08	20.7632
2.7527317e-08	20.8025
1.5849061e-08	20.7215
3.3366445e-09	20.3407
1.7517384e-08	20.5299
2.8361478e-08	20.0085
2.0019867e-08	19.3985
1.4180739e-08	18.8217
1.0844095e-08	19.1046
9.1757724e-09	20.0697
1.2512417e-08	20.8776
5.6722956e-08	20.466
7.5074501e-08	20.1869
3.3366445e-08	20.0305
2.0019867e-07	20.16
1.5181732e-07	19.8529
1.9185706e-08	17.6858
1.8351545e-08	16.7946
1.5849061e-08	17.3564
1.7517384e-08	18.319
1.6683222e-08	19.8564
1.4180739e-08	20.448
1.0009933e-08	20.7037
2.9195639e-08	20.8805
2.8361478e-08	20.4367
5.0049667e-08	20.2593
7.424034e-08	20.0485
8.2581951e-08	20.8565
1.0844095e-07	21.1256
1.3346578e-07	21.3304
1.6266142e-07	21.0014
1.8768625e-07	21.0059
2.5775579e-07	20.4693
3.3700109e-07	17.7854
1.9435954e-07	17.4676
1.1761672e-07	18.5356
1.8852041e-07	19.2385
1.2345585e-07	19.7874
4.2542217e-08	19.9364
9.0089401e-08	19.806
3.6035761e-07	19.4269
1.2537442e-06	19.4578
3.6703089e-07	19.4108
5.2552151e-08	19.2999
1.6683222e-08	19.7402
9.1757724e-09	20.3711
3.4450854e-07	20.0111
1.3530093e-06	17.9377
3.7370418e-07	17.087
1.2846081e-07	17.7583
9.1757724e-08	18.4175
2.9862968e-07	17.5107
4.3376378e-07	16.9465
2.2188686e-07	17.0695
1.459782e-07	17.0877
1.2762665e-07	18.019
1.2178752e-07	18.4229
1.0677262e-07	18.7971
7.424034e-08	19.1808
5.6722956e-08	19.3911
4.421054e-08	19.1849
5.171799e-08	19.3694
4.0039734e-08	19.5387
3.9205573e-08	19.2971
2.2355518e-07	19.1385
2.4190673e-06	19.034
2.1087593e-06	16.995
1.361351e-06	16.4398
1.2929497e-06	15.8619
1.3922149e-06	16.9295
1.4522745e-06	16.8824
1.2946181e-06	15.9825
1.0693946e-06	14.5701
8.4583938e-07	14.3596
7.2154937e-07	14.9314
6.0309849e-07	11.9542
4.8214513e-07	11.4794
4.421054e-07	12.3609
3.862166e-07	11.5028
3.4617687e-07	10.5493
5.622246e-07	10.3007
6.3813326e-07	11.1505
4.3710043e-07	11.0856
3.9122157e-07	10.7992
3.3533277e-07	10.5796
2.9946384e-07	11.8647
2.6693156e-07	13.009
3.8538244e-07	13.8831
3.7954331e-07	10.9378
2.6359492e-07	10.1506
2.6526324e-07	11.6126
3.0613713e-07	12.4864
2.852831e-07	11.819
2.1437941e-07	11.6982
2.6109243e-07	10.311
2.4941418e-07	8.077
1.6766639e-07	6.2357
4.0289982e-07	6.5743
7.4407172e-07	8.5786
4.9549171e-07	7.9847
1.3188087e-06	7.5105
1.661649e-06	8.0229
1.2937839e-06	8.1175
1.2003579e-06	8.166
1.1820063e-06	8.5987
1.076902e-06	8.548
9.2425053e-07	7.4521
8.1414126e-07	7.2945
6.9986118e-07	6.0604
1.0835753e-06	6.3669
1.1486399e-06	7.4544
9.3592878e-07	7.6702
8.8921576e-07	5.6926
8.1163877e-07	3.8966
7.3489595e-07	4.6338
7.2655434e-07	6.613
7.3906676e-07	6.46
6.52314e-07	7.1291
6.2061588e-07	7.0272
5.5638547e-07	5.7977
5.2468735e-07	5.0964
4.76306e-07	4.3724
4.4544204e-07	4.7164
4.1374392e-07	4.4161
5.0133084e-07	1.958
5.3386312e-07	3.6596
5.0716996e-07	3.0649
4.7130104e-07	3.7509
4.7714016e-07	4.4279
7.6325743e-07	4.6804
1.708362e-06	5.7608
1.8593451e-06	5.98
1.5932477e-06	5.4025
1.5890769e-06	4.7509
1.5089975e-06	4.6664
1.8877066e-06	5.5084
2.303953e-06	6.9216
1.8776967e-06	5.5727
1.6816688e-06	5.1755
1.6174384e-06	4.9589
1.5732279e-06	4.7806
1.5340223e-06	4.4919
1.5031583e-06	4.6101
2.0303482e-06	5.7643
1.9494345e-06	6.1419
1.6324533e-06	5.9739
1.5365248e-06	6.2933
1.506495e-06	6.9191
1.4714602e-06	6.1617
1.5039925e-06	6.369
1.5223441e-06	6.1063
1.5123341e-06	6.2535
1.4397621e-06	5.9628
1.4155714e-06	5.6884
1.4155714e-06	6.4259
1.4347571e-06	5.4665
1.5490372e-06	3.7705
1.4772994e-06	3.4786
1.4147373e-06	3.4648
1.4180739e-06	3.2991
1.3029597e-06	3.579
1.3313212e-06	3.742
1.2879448e-06	3.5771
1.2429001e-06	3.3302
1.2203777e-06	4.106
1.4055615e-06	4.1434
1.8818675e-06	3.6905
1.5874086e-06	1.3245
1.2437342e-06	1.7139
1.1986895e-06	3.1187
1.5857403e-06	4.3007
1.5957502e-06	2.8461
1.3805367e-06	2.6816
1.2587491e-06	3.0083
1.1386299e-06	3.4169
1.0919169e-06	3.2822
1.0618871e-06	1.9857
9.9849087e-07	1.6218
9.3676294e-07	2.7114
9.1507475e-07	3.5382
8.9338656e-07	4.6214
8.6752757e-07	5.0475
8.3082448e-07	6.0566
7.9245307e-07	6.3624
8.1664374e-07	7.5664
7.7743817e-07	6.8695
6.9569038e-07	4.335
6.6899722e-07	3.8206
7.1070528e-07	5.0311
9.4510455e-07	4.7755
9.8848093e-07	4.7637
8.2415119e-07	4.979
7.8077481e-07	6.1724
9.0089401e-07	5.6647
1.0443697e-06	4.6497
1.2429001e-06	5.178
1.1002585e-06	4.8675
1.6841713e-06	3.4522
2.1696531e-06	5.2185
2.2238736e-06	5.569
2.63011e-06	5.5351
2.355671e-06	6.0362
1.8993849e-06	5.1311
1.7542408e-06	5.6501
1.6608148e-06	5.591
1.5623838e-06	6.4874
1.6499707e-06	5.7334
1.6691564e-06	6.5055
1.6216092e-06	6.1282
1.7108645e-06	5.4806
1.5832378e-06	4.9576
1.5590471e-06	4.4268
1.4898118e-06	4.726
1.4873093e-06	4.7344
1.5073292e-06	4.9725
1.475631e-06	6.1633
1.548203e-06	6.1016
1.4964851e-06	5.8295
1.480636e-06	6.2728
1.4831385e-06	7.6523
1.5081633e-06	8.7864
1.5165049e-06	7.2803
1.5048267e-06	7.2817
1.5148366e-06	7.3181
1.5023242e-06	7.2953
1.4923143e-06	7.6744
1.5148366e-06	8.3844
1.50149e-06	7.9911
1.3897124e-06	7.6116
1.3972199e-06	8.2903
1.3780342e-06	9.0726
1.3446677e-06	9.2511
1.2620858e-06	8.6871
1.2537442e-06	9.2636
1.2745982e-06	10.4109
1.2821056e-06	11.4666
1.3104671e-06	11.1244
1.3797025e-06	9.2625
1.3746975e-06	9.0109
1.2937839e-06	9.9302
1.1478057e-06	10.9882
1.1611523e-06	10.8041
1.1453032e-06	11.8309
9.9265174e-07	12.3131
1.206197e-06	13.0772
1.3271503e-06	13.7762
1.1161076e-06	13.74
1.0076666e-06	14.126
1.051043e-06	14.4519
1.2470709e-06	14.5658
2.2839332e-06	14.3834
2.7577367e-06	12.6753
1.7926123e-06	12.622
1.6766639e-06	14.1231
1.6391266e-06	15.3758
1.8877066e-06	15.5501
1.9352538e-06	14.2302
1.6533073e-06	13.8486
1.6332875e-06	14.3267
1.6574782e-06	15.529
1.6366241e-06	16.3532
1.6074285e-06	16.7806
1.6591465e-06	16.1058
1.62578e-06	14.7848
1.6232775e-06	15.7818
1.5799012e-06	14.9822
1.5990869e-06	16.3771
1.6015894e-06	17.9237
1.5940819e-06	18.8425
1.6449657e-06	19.5312
1.6407949e-06	19.7192
1.5648863e-06	19.4309
1.4647869e-06	19.2669
1.3813708e-06	19.1028
1.2821056e-06	19.6682
1.159484e-06	19.7828
1.0410331e-06	19.7043
1.0260182e-06	19.4602
1.1786697e-06	19.2897
1.154479e-06	17.9961
9.826418e-07	16.1145
8.5251267e-07	15.8996
7.6158911e-07	16.5946
6.9402206e-07	17.6326
6.3062581e-07	18.633
5.6973205e-07	19.7027
5.1884822e-07	19.7286
4.6295942e-07	18.7505
4.1958305e-07	17.8501
4.1290976e-07	19.2118
3.9205573e-07	20.0956
4.0707063e-07	20.3569
4.6713023e-07	20.5558
4.4293956e-07	20.7534
4.0373398e-07	20.9509
4.1290976e-07	20.9627
4.012315e-07	20.5243
4.1124143e-07	19.8348
4.1374392e-07	19.1902
3.3199613e-07	19.3172
4.4711036e-07	18.2577
5.6389292e-07	17.1436
6.8317796e-07	18.0352
8.133071e-07	18.3638
1.0777362e-06	18.6924
1.5498714e-06	18.1773
1.4172398e-06	18.9086
1.2462367e-06	19.5087
1.3621851e-06	19.087
1.0952536e-06	18.813
1.0210132e-06	18.9328
8.3833193e-07	17.701
7.3072514e-07	18.3533
7.0570031e-07	19.5144
7.0570031e-07	19.9636
7.0486615e-07	20.4129
6.6232393e-07	20.6182
6.0977178e-07	20.7097
5.2802399e-07	19.2928
4.8047681e-07	18.7061
4.462762e-07	18.6746
5.1801406e-07	19.5182
5.5805379e-07	20.3619
4.5461781e-07	20.2018
4.6295942e-07	20.4856
4.6963271e-07	20.7695
3.5201599e-07	20.4796
2.1104276e-07	20.7581
1.6182726e-07	20.3978
2.6442908e-07	19.92
2.4858002e-07	20.6114
3.1197626e-07	20.9734
3.0196633e-07	20.7082
1.9686203e-07	21.2465
1.9352538e-07	21.0899
1.9018874e-07	20.9991
1.609931e-07	20.0651
1.3346578e-07	20.2858
1.5431981e-07	20.7266
1.4347571e-07	20.7168
1.2762665e-07	20.7799
1.1845088e-07	20.9913
1.4430987e-07	21.0719
1.3847075e-07	20.6533
1.3763659e-07	21.1015
1.459782e-07	21.3042
1.2595833e-07	21.6319
1.2095336e-07	22.0557
3.4617687e-07	21.4719
4.0039734e-07	20.5791
4.2125137e-07	18.9566
3.0446881e-07	18.2923
1.6766639e-07	18.1179
1.6266142e-07	18.4467
1.5849061e-07	18.9583
1.5765645e-07	19.3054
1.5765645e-07	19.9095
2.2772599e-07	19.8589
3.1197626e-07	19.1325
2.4691169e-07	19.0918
2.2939431e-07	18.9808
1.5682229e-07	19.5083
1.4347571e-07	20.0443
1.3596826e-07	19.7891
7.3406179e-07	20.2884
4.76306e-07	21.4552
4.1290976e-07	21.5532
3.6452841e-07	21.4452
3.1030794e-07	21.0552
2.6776572e-07	19.8897
2.0854028e-07	20.2618
1.6766639e-07	21.3682
1.4013907e-07	21.4358
1.951937e-07	21.187
2.7443901e-07	21.0202
2.2856015e-07	21.2556
1.4514404e-07	21.1643
1.3429994e-07	21.2246
1.2846081e-07	21.1392
1.2429001e-07	21.2143
1.5598813e-07	21.1385
3.7537251e-07	20.6393
3.5118183e-07	18.2842
1.5515397e-07	17.3313
1.309633e-07	17.356
1.609931e-07	17.7985
1.459782e-07	18.7183
1.3680242e-07	17.7367
1.3012914e-07	17.4882
1.2762665e-07	18.9698
1.3429994e-07	19.4698
1.2929497e-07	19.3792
1.1928504e-07	19.5906
1.1261175e-07	19.9441
1.1261175e-07	20.1818
1.1678256e-07	19.336
1.1428007e-07	18.6742
1.1511424e-07	18.2737
1.1177759e-07	19.3712
1.1511424e-07	19.7332
1.7851048e-07	20.4042
1.951937e-07	20.5278
1.2512417e-07	19.8759
1.4430987e-07	19.1119
1.3763659e-07	19.4666
1.1761672e-07	19.3173
1.1261175e-07	19.2569
1.1177759e-07	18.5029
1.1261175e-07	16.3681
1.1177759e-07	16.7872
1.1094343e-07	17.2063
1.0927511e-07	18.7071
1.051043e-07	18.8114
1.0593846e-07	18.1276
1.0844095e-07	16.5108
1.0593846e-07	17.8681
1.0844095e-07	17.8858
1.5348565e-07	18.9133
1.5598813e-07	19.8201
1.1761672e-07	19.907
1.1511424e-07	19.8566
1.0260182e-07	20.373
1.0176766e-07	20.1852
9.676269e-08	19.589
1.0260182e-07	15.1552
1.4347571e-07	14.9977
1.3012914e-07	16.6625
2.0353531e-07	15.1947
1.8852041e-07	14.3287
1.1678256e-07	14.7157
1.1511424e-07	14.5205
1.1261175e-07	14.7871
1.1177759e-07	13.5695
1.1177759e-07	13.2568
1.0844095e-07	12.5468
3.2198619e-07	12.2979
2.6359492e-07	10.0219
1.1845088e-07	10.0476
1.3930491e-07	9.8922
5.7223453e-07	11.7506
3.6202593e-07	12.9152
2.7443901e-07	13.3915
2.1354525e-07	11.5602
1.3346578e-07	10.3863
1.2762665e-07	10.9709
1.3429994e-07	12.5258
3.8788492e-07	14.4819
2.4107256e-07	13.3919
1.4097323e-07	13.2861
2.3439928e-07	13.964
4.462762e-07	15.4326
3.1281042e-07	9.7299
1.8351545e-07	8.3771
1.609931e-07	7.9669
1.5265149e-07	7.6957
1.459782e-07	8.7575
1.4013907e-07	9.022
1.4013907e-07	9.592
1.4347571e-07	7.0131
1.4097323e-07	4.7708
1.3930491e-07	6.3977
1.3680242e-07	8.546
1.5765645e-07	6.7443
1.5098316e-07	2.3181
1.4013907e-07	2.8519
1.3930491e-07	4.5743
1.4180739e-07	4.4425
1.4264155e-07	4.6575
1.651639e-07	5.762
1.5932477e-07	5.9473
1.4013907e-07	6.3022
1.3680242e-07	6.203
1.4180739e-07	7.7368
2.2772599e-07	6.1443
2.4691169e-07	5.7433
1.5765645e-07	5.495
1.4264155e-07	6.2452
1.8518377e-07	7.8964
1.801788e-07	5.8064
1.459782e-07	5.9026
2.2689183e-07	6.608
6.0226433e-07	6.7284
3.9288989e-07	5.8976
2.0520364e-07	4.2372
1.7350551e-07	3.9514
2.6025827e-07	3.9326
2.3022847e-07	4.5699
