Time [d]	Q_in [m3/s]
1
-1 0.00
1 -0.0324
2 -0.0337
3 -0.0464
4 -0.0651
5 -0.0937
6 -0.0612
7 -0.0584
8 -0.0591
9 -0.0422
10 -0.035
11 -0.0321
12 -0.0305
13 -0.0303
14 -0.0302
15 -0.0284
16 -0.0309
17 -0.0296
18 -0.0473
19 -0.0431
20 -0.0291
21 -0.0267
22 -0.1499
23 -0.1287
24 -0.0788
25 -0.0587
26 -0.0639
27 -0.0672
28 -0.0525
29 -0.0513
30 -0.0428
31 -0.0343
32 -0.0327
33 -0.0339
34 -0.0449
35 -0.044
36 -0.0351
37 -0.028
38 -0.0275
39 -0.0264
40 -0.0261
41 -0.0257
42 -0.0401
43 -0.0343
44 -0.0261
45 -0.0269
46 -0.0307
47 -0.0277
48 -0.1215
49 -0.2394
50 -0.2625
51 -0.1548
52 -0.0812
53 -0.0694
54 -0.0605
55 -0.048
56 -0.1901
57 -0.19
58 -0.1306
59 -0.0993
60 -0.0971
61 -0.0762
62 -0.066
63 -0.0594
64 -0.054
65 -0.0506
66 -0.048
67 -0.0478
68 -0.0475
69 -0.0451
70 -0.0401
71 -0.0373
72 -0.0357
73 -0.046
74 -0.0444
75 -0.0328
76 -0.0305
77 -0.0303
78 -0.0367
79 -0.0333
80 -0.0276
81 -0.0268
82 -0.0242
83 -0.0332
84 -0.0339
85 -0.0583
86 -0.051
87 -0.0323
88 -0.0358
89 -0.0349
90 -0.032
91 -0.0276
92 -0.022
93 -0.0217
94 -0.0372
95 -0.0591
96 -0.0356
97 -0.0298
98 -0.0266
99 -0.0268
100 -0.023
101 -0.0217
102 -0.019
103 -0.0184
104 -0.0194
105 -0.0215
106 -0.0221
107 -0.019
108 -0.0223
109 -0.0219
110 -0.0178
111 -0.0168
112 -0.0149
113 -0.0149
114 -0.0134
115 -0.0134
116 -0.0142
117 -0.0135
118 -0.0274
119 -0.0522
120 -0.0483
121 -0.0457
122 -0.0445
123 -0.0439
124 -0.0448
125 -0.0436
126 -0.0426
127 -0.0425
128 -0.0551
129 -0.0684
130 -0.0557
131 -0.0447
132 -0.0432
133 -0.0431
134 -0.0435
135 -0.0429
136 -0.041
137 -0.0417
138 -0.0399
139 -0.0399
140 -0.0399
141 -0.0388
142 -0.0387
143 -0.0388
144 -0.0369
145 -0.0895
146 -0.069
147 -0.0398
148 -0.0475
149 -0.0446
150 -0.0432
151 -0.0416
152 -0.0464
153 -0.0438
154 -0.0378
155 -0.0385
156 -0.0391
157 -0.0358
158 -0.0372
159 -0.0355
160 -0.0354
161 -0.0392
162 -0.0384
163 -0.0388
164 -0.0366
165 -0.037
166 -0.0373
167 -0.0362
168 -0.0362
169 -0.0344
170 -0.0389
171 -0.0401
172 -0.0418
173 -0.0403
174 -0.0395
175 -0.0383
176 -0.0418
177 -0.044
178 -0.0425
179 -0.0436
180 -0.0421
181 -0.0462
182 -0.0456
183 -0.0437
184 -0.0495
185 -0.0563
186 -0.047
187 -0.0521
188 -0.0489
189 -0.0458
190 -0.0433
191 -0.0421
192 -0.0467
193 -0.05
194 -0.0462
195 -0.1637
196 -0.1733
197 -0.061
198 -0.0467
199 -0.0427
200 -0.0432
201 -0.0447
202 -0.0473
203 -0.042
204 -0.0361
205 -0.0585
206 -0.0843
207 -0.0541
208 -0.0585
209 -0.0991
210 -0.0894
211 -0.0521
212 -0.0477
213 -0.0647
214 -0.0711
215 -0.0521
216 -0.0522
217 -0.0535
218 -0.0449
219 -0.0423
220 -0.0391
221 -0.0488
222 -0.1147
223 -0.0834
224 -0.0555
225 -0.05
226 -0.0466
227 -0.0439
228 -0.0981
229 -0.0855
230 -0.0588
231 -0.0518
232 -0.0495
233 -0.0584
234 -0.0481
235 -0.0493
236 -0.0558
237 -0.0896
238 -0.0719
239 -0.0451
240 -0.0716
241 -0.1084
242 -0.086
243 -0.0596
244 -0.0594
245 -0.0571
246 -0.053
247 -0.0511
248 -0.053
249 -0.0492
250 -0.0474
251 -0.0506
252 -0.0573
253 -0.0564
254 -0.1101
255 -0.0903
256 -0.047
257 -0.0486
258 -0.0535
259 -0.0541
260 -0.0648
261 -0.0466
262 -0.0454
263 -0.0438
264 -0.1219
265 -0.0975
266 -0.0625
267 -0.0584
268 -0.0533
269 -0.0507
270 -0.0493
271 -0.05
272 -0.0489
273 -0.0674
274 -0.1905
275 -0.0803
276 -0.0577
277 -0.0528
278 -0.0476
279 -0.051
280 -0.0823
281 -0.0909
282 -0.1507
283 -0.1234
284 -0.0782
285 -0.0757
286 -0.068
287 -0.0585
288 -0.0584
289 -0.0552
290 -0.0522
291 -0.0586
292 -0.0976
293 -0.0815
294 -0.0619
295 -0.0576
296 -0.0627
297 -0.0477
298 -0.0324
299 -0.0274
300 -0.0265
301 -0.0274
302 -0.0282
303 -0.0238
304 -0.0228
305 -0.0302
306 -0.0325
307 -0.0287
308 -0.0341
309 -0.0332
310 -0.0331
311 -0.0362
312 -0.0417
313 -0.0462
314 -0.0583
315 -0.0632
316 -0.0639
317 -0.0689
318 -0.0764
319 -0.0811
320 -0.078
321 -0.0813
322 -0.086
323 -0.0923
324 -0.0974
325 -0.1001
326 -0.104
327 -0.1251
328 -0.1296
329 -0.1175
330 -0.122
331 -0.1265
332 -0.1312
333 -0.1357
334 -0.1408
335 -0.1607
336 -0.1646
337 -0.1537
338 -0.1581
339 -0.1626
340 -0.1673
341 -0.1718
342 -0.1763
343 -0.1808
344 -0.1853
345 -0.193
346 -0.1977
347 -0.1988
348 -0.2103
349 -0.2363
350 -0.2331
351 -0.2166
352 -0.2041
353 -0.2017
354 -0.202
355 -0.2009
356 -0.2043
357 -0.2059
358 -0.2077
359 -0.2084
360 -0.2088
361 -0.2059
362 -0.2056
363 -0.2087
364 -0.2041
365 -0.26
366 -0.264
367 -0.2151
368 -0.2092
369 -0.207
370 -0.2061
371 -0.2085
372 -0.2072
373 -0.204
374 -0.2028
375 -0.2028
376 -0.2058
377 -0.213
378 -0.2162
379 -0.2154
380 -0.2162
381 -0.2147
382 -0.2114
383 -0.2147
384 -0.2158
385 -0.2304
386 -0.2288
387 -0.215
388 -0.2103
389 -0.2106
390 -0.2102
391 -0.2108
392 -0.228
393 -0.2328
394 -0.2178
395 -0.2101
396 -0.2047
397 -0.2062
398 -0.2094
399 -0.2096
400 -0.2085
401 -0.2147
402 -0.2141
403 -0.2056
404 -0.2016
405 -0.2031
406 -0.2088
407 -0.2083
408 -0.2084
409 -0.2092
410 -0.2089
411 -0.2089
412 -0.2087
413 -0.2111
414 -0.2616
415 -0.239
416 -0.2113
417 -0.2085
418 -0.2095
419 -0.2104
420 -0.2173
421 -0.2151
422 -0.2122
423 -0.2087
424 -0.2068
425 -0.21
426 -0.212
427 -0.2054
428 -0.2032
429 -0.2001
430 -0.2008
431 -0.2024
432 -0.2031
433 -0.1958
434 -0.1906
435 -0.2082
436 -0.2213
437 -0.1933
438 -0.1943
439 -0.192
440 -0.1876
441 -0.188
442 -0.189
443 -0.2001
444 -0.1992
445 -0.1904
446 -0.1876
447 -0.1884
448 -0.1889
449 -0.187
450 -0.1927
451 -0.2441
452 -0.2292
453 -0.2273
454 -0.2764
455 -0.2192
456 -0.1982
457 -0.1962
458 -0.1947
459 -0.1954
460 -0.2097
461 -0.2092
462 -0.191
463 -0.1907
464 -0.1858
465 -0.1908
466 -0.2406
467 -0.2009
468 -0.189
469 -0.1834
470 -0.1644
471 -0.1152
472 -0.1094
473 -0.1043
474 -0.0982
475 -0.1026
476 -0.1067
477 -0.1026
478 -0.1024
479 -0.1066
480 -0.1055
481 -0.0995
482 -0.0977
483 -0.0951
484 -0.096
485 -0.0999
486 -0.1049
487 -0.0957
488 -0.0898
489 -0.0872
490 -0.0839
491 -0.0768
492 -0.0766
493 -0.0742
494 -0.0687
495 -0.0621
496 -0.0581
497 -0.0581
498 -0.0566
499 -0.0544
500 -0.0533
501 -0.0515
502 -0.0515
503 -0.0523
504 -0.0499
505 -0.0489
506 -0.0549
507 -0.0543
508 -0.0467
509 -0.0465
510 -0.0645
511 -0.0738
512 -0.057
513 -0.0583
514 -0.0605
515 -0.076
516 -0.079
517 -0.0826
518 -0.1379
519 -0.1093
520 -0.0854
521 -0.0812
522 -0.0794
523 -0.0761
524 -0.0682
525 -0.0657
526 -0.0582
527 -0.0452
528 -0.0436
529 -0.0343
530 -0.0194
531 -0.0178
532 -0.0142
533 -0.0127
534 -0.0161
535 -0.0284
536 -0.0181
537 -0.0111
538 -0.0107
539 -0.0101
540 -0.0123
541 -0.012
542 -0.0116
543 -0.0119
544 -0.0119
545 -0.0119
546 -0.0116
547 -0.0105
548 -0.0123
549 -0.0119
550 -0.0115
551 -0.032
552 -0.028
553 -0.0138
554 -0.0127
555 -0.0138
556 -0.0138
557 -0.0266
558 -0.0361
559 -0.0173
560 -0.0694
561 -0.0545
562 -0.0244
563 -0.0195
564 -0.0168
565 -0.0159
566 -0.0379
567 -0.0335
568 -0.0243
569 -0.0259
570 -0.0268
571 -0.0267
572 -0.0249
573 -0.0266
574 -0.0255
575 -0.0262
576 -0.025
577 -0.0245
578 -0.0265
579 -0.0238
580 -0.0232
581 -0.0266
582 -0.0295
583 -0.0329
584 -0.0324
585 -0.0313
586 -0.0347
587 -0.0423
588 -0.0622
589 -0.0561
590 -0.0458
591 -0.0436
592 -0.0423
593 -0.0501
594 -0.0736
595 -0.1971
596 -0.1949
597 -0.1917
598 -0.1951
599 -0.1968
600 -0.1945
601 -0.1901
602 -0.1957
603 -0.195
604 -0.1856
605 -0.1876
606 -0.1837
607 -0.1932
608 -0.1924
609 -0.1862
610 -0.1855
611 -0.1869
612 -0.1848
613 -0.1797
614 -0.1786
615 -0.1794
616 -0.1771
617 -0.1786
618 -0.1886
619 -0.1941
620 -0.1812
621 -0.1813
622 -0.1854
623 -0.1745
624 -0.1379
625 -0.1229
626 -0.1092
627 -0.0941
628 -0.1007
629 -0.1006
630 -0.0842
631 -0.0883
632 -0.0801
633 -0.0694
634 -0.0664
635 -0.0662
636 -0.0698
637 -0.0675
638 -0.0672
639 -0.0713
640 -0.0664
641 -0.0928
642 -0.0817
643 -0.0928
644 -0.0709
645 -0.0761
646 -0.0661
647 -0.0948
648 -0.1103
649 -0.0862
650 -0.077
651 -0.0725
652 -0.0732
653 -0.0722
654 -0.0712
655 -0.0699
656 -0.0811
657 -0.082
658 -0.1265
659 -0.2795
660 -0.2745
661 -0.2003
662 -0.1967
663 -0.1997
664 -0.2018
665 -0.2089
666 -0.1989
667 -0.1913
668 -0.2145
669 -0.2115
670 -0.1835
671 -0.1689
672 -0.1559
673 -0.1478
674 -0.1701
675 -0.1542
676 -0.138
677 -0.1253
678 -0.1186
679 -0.1155
680 -0.1329
681 -0.2174
682 -0.2076
683 -0.1835
684 -0.1751
685 -0.1668
686 -0.1491
687 -0.1354
688 -0.1308
689 -0.1295
690 -0.1125
691 -0.0996
692 -0.1154
693 -0.1217
694 -0.1528
695 -0.1494
696 -0.1295
697 -0.1175
698 -0.1159
699 -0.1475
700 -0.1721
701 -0.1615
702 -0.1644
703 -0.1535
704 -0.1985
705 -0.3068
706 -0.2175
707 -0.2009
708 -0.1949
709 -0.1923
710 -0.1953
711 -0.2021
712 -0.196
713 -0.1876
714 -0.1845
715 -0.1872
716 -0.2006
717 -0.1898
718 -0.1787
719 -0.1742
720 -0.1712
721 -0.1696
722 -0.1628
723 -0.1506
724 -0.141
725 -0.1343
726 -0.1298
727 -0.1248
728 -0.1141
729 -0.1048
730 -0.102
731 -0.1032
732 -0.1034
733 -0.1162
734 -0.1171
735 -0.1036
736 -0.1032
737 -0.1006
738 -0.091
739 -0.0876
740 -0.0836
741 -0.0819
742 -0.0799
743 -0.0768
744 -0.074
745 -0.0715
746 -0.0767
747 -0.0993
748 -0.1393
749 -0.1669
750 -0.1401
751 -0.1309
752 -0.1194
753 -0.107
754 -0.1397
755 -0.1602
756 -0.1349
757 -0.1219
758 -0.1119
759 -0.1075
760 -0.1054
761 -0.1
762 -0.0915
763 -0.1082
764 -0.1348
765 -0.118
766 -0.1049
767 -0.1003
768 -0.0904
769 -0.0828
770 -0.0712
771 -0.063
772 -0.0666
773 -0.094
774 -0.0841
775 -0.0607
776 -0.0616
777 -0.063
778 -0.0571
779 -0.0611
780 -0.0666
781 -0.0697
782 -0.1188
783 -0.1124
784 -0.0886
785 -0.085
786 -0.0719
787 -0.0702
788 -0.0748
789 -0.1889
790 -0.1728
791 -0.1262
792 -0.1022
793 -0.0922
794 -0.0909
795 -0.0899
796 -0.0828
797 -0.072
798 -0.0619
799 -0.0552
800 -0.0526
801 -0.0505
802 -0.0479
803 -0.0448
804 -0.0576
805 -0.0578
806 -0.0543
807 -0.0484
808 -0.0432
809 -0.0388
810 -0.0354
811 -0.0333
812 -0.0318
813 -0.0328
814 -0.0324
815 -0.0285
816 -0.0264
817 -0.0533
818 -0.0818
819 -0.0531
820 -0.0462
821 -0.0436
822 -0.042
823 -0.0439
824 -0.041
825 -0.0372
826 -0.0451
827 -0.0422
828 -0.0314
829 -0.0279
830 -0.0268
831 -0.0256
832 -0.0206
833 -0.0228
834 -0.0253
835 -0.0239
836 -0.0224
837 -0.0212
838 -0.0208
839 -0.0202
840 -0.019
841 -0.0177
842 -0.0417
843 -0.0465
844 -0.0335
845 -0.031
846 -0.0298
847 -0.0315
848 -0.0311
849 -0.0261
850 -0.0239
851 -0.0206
852 -0.0157
853 -0.0134
854 -0.012
855 -0.0112
856 -0.0104
857 -0.0094
858 -0.0084
859 -0.0586
860 -0.0792
861 -0.0483
862 -0.0431
863 -0.0453
864 -0.104
865 -0.2
866 -0.1794
867 -0.3192
868 -0.2436
869 -0.1718
870 -0.204
871 -0.2682
872 -0.2263
873 -0.183
874 -0.1677
875 -0.1652
876 -0.1634
877 -0.1695
878 -0.1713
879 -0.1665
880 -0.1636
881 -0.1632
882 -0.162
883 -0.17
884 -0.1716
885 -0.1723
886 -0.1737
887 -0.1677
888 -0.1618
889 -0.1469
890 -0.132
891 -0.1141
892 -0.094
893 -0.0861
894 -0.0772
895 -0.1111
896 -0.2636
897 -0.208
898 -0.1658
899 -0.17
900 -0.1722
901 -0.1646
902 -0.1625
903 -0.1489
904 -0.1454
905 -0.1354
906 -0.1283
907 -0.1163
908 -0.1511
909 -0.2003
910 -0.1678
911 -0.1581
912 -0.1476
913 -0.135
914 -0.122
915 -0.1119
916 -0.1034
917 -0.116
918 -0.237
919 -0.2132
920 -0.1846
921 -0.1737
922 -0.1659
923 -0.1573
924 -0.1506
925 -0.1331
926 -0.1282
927 -0.1192
928 -0.1131
929 -0.1365
930 -0.2264
931 -0.2399
932 -0.202
933 -0.1861
934 -0.1815
935 -0.1816
936 -0.1814
937 -0.1766
938 -0.1707
939 -0.1689
940 -0.1614
941 -0.1578
942 -0.1529
943 -0.1524
944 -0.1461
945 -0.139
946 -0.1656
947 -0.1679
948 -0.1466
949 -0.1397
950 -0.1363
951 -0.1379
952 -0.1649
953 -0.2039
954 -0.1996
955 -0.1814
956 -0.1805
957 -0.1783
958 -0.1936
959 -0.1883
960 -0.1829
961 -0.1802
962 -0.1823
963 -0.1772
964 -0.1737
965 -0.167
966 -0.161
967 -0.1526
968 -0.1485
969 -0.1589
970 -0.1852
971 -0.1734
972 -0.163
973 -0.157
974 -0.129
975 -0.1458
976 -0.1664
977 -0.158
978 -0.1681
979 -0.1633
980 -0.119
981 -0.1169
982 -0.1377
983 -0.1935
984 -0.1757
985 -0.1529
986 -0.1326
987 -0.1484
988 -0.1468
989 -0.1372
990 -0.1233
991 -0.1349
992 -0.1551
993 -0.2022
994 -0.3103
995 -0.313
996 -0.2326
997 -0.2124
998 -0.2086
999 -0.2101
1000 -0.2118
1001 -0.2105
1002 -0.2084
1003 -0.1983
1004 -0.2106
1005 -0.2028
1006 -0.1977
1007 -0.2906
1008 -0.2623
1009 -0.2181
1010 -0.21
1011 -0.2216
1012 -0.2496
1013 -0.2516
1014 -0.2695
1015 -0.3201
1016 -0.304
1017 -0.2414
1018 -0.2206
1019 -0.2172
1020 -0.2339
1021 -0.2445
1022 -0.2552
1023 -0.2233
1024 -0.2159
1025 -0.2086
1026 -0.2075
1027 -0.2014
1028 -0.2003
1029 -0.2002
1030 -0.1968
1031 -0.2001
1032 -0.1932
1033 -0.1951
1034 -0.2255
1035 -0.2414
1036 -0.2146
1037 -0.2095
1038 -0.2059
1039 -0.2145
1040 -0.2084
1041 -0.2163
1042 -0.199
1043 -0.2021
1044 -0.1946
1045 -0.1995
1046 -0.1973
1047 -0.1931
1048 -0.2053
1049 -0.2024
1050 -0.1935
1051 -0.1888
1052 -0.2029
1053 -0.1997
1054 -0.1975
1055 -0.1926
1056 -0.1972
1057 -0.1886
1058 -0.1971
1059 -0.1967
1060 -0.2012
1061 -0.1931
1062 -0.1883
1063 -0.192
1064 -0.1897
1065 -0.1912
1066 -0.1895
1067 -0.1887
1068 -0.188
1069 -0.1924
1070 -0.1954
1071 -0.189
1072 -0.1846
1073 -0.1956
1074 -0.1971
1075 -0.1845
1076 -0.1813
1077 -0.1804
1078 -0.1817
1079 -0.183
1080 -0.1764
1081 -0.1656
1082 -0.2174
1083 -0.22
1084 -0.204
1085 -0.1858
1086 -0.2172
1087 -0.2161
1088 -0.1905
1089 -0.1866
1090 -0.1792
1091 -0.1799
1092 -0.2034
1093 -0.2069
1094 -0.192
1095 -0.1793
1096 -0.1764
1097 -0.1678
1098 -0.1676
1099 -0.1672
1100 -0.1602
1101 -0.1508
1102 -0.2022
1103 -0.2135
1104 -0.1906
1105 -0.182
1106 -0.1752
1107 -0.1729
1108 -0.1711
1109 -0.1648
1110 -0.1658
1111 -0.1734
1112 -0.1697
1113 -0.1612
1114 -0.1514
1115 -0.1421
1116 -0.1392
1117 -0.1509
1118 -0.1326
1119 -0.116
1120 -0.1025
1121 -0.0951
1122 -0.0918
1123 -0.0913
1124 -0.0886
1125 -0.0812
1126 -0.0757
1127 -0.1111
1128 -0.1562
1129 -0.166
1130 -0.1353
1131 -0.111
1132 -0.1017
1133 -0.1016
1134 -0.0987
1135 -0.1511
1136 -0.2046
1137 -0.1597
1138 -0.1387
1139 -0.1314
1140 -0.1235
1141 -0.1029
1142 -0.0976
1143 -0.0943
1144 -0.1063
1145 -0.1391
1146 -0.1461
1147 -0.1643
1148 -0.1299
1149 -0.1123
1150 -0.1156
1151 -0.1117
1152 -0.0962
1153 -0.0906
1154 -0.1243
1155 -0.1301
1156 -0.1069
1157 -0.0973
1158 -0.093
1159 -0.0887
1160 -0.0865
1161 -0.0798
1162 -0.0727
1163 -0.0637
1164 -0.0587
1165 -0.0558
1166 -0.0529
1167 -0.0575
1168 -0.0622
1169 -0.073
1170 -0.0966
1171 -0.1026
1172 -0.0848
1173 -0.1009
1174 -0.0953
1175 -0.0866
1176 -0.1018
1177 -0.1084
1178 -0.1086
1179 -0.1042
1180 -0.087
1181 -0.0901
1182 -0.0938
1183 -0.1034
1184 -0.089
1185 -0.0812
1186 -0.0768
1187 -0.0725
1188 -0.0792
1189 -0.0804
1190 -0.0692
1191 -0.0606
1192 -0.0575
1193 -0.0578
1194 -0.0586
1195 -0.05
1196 -0.0437
1197 -0.0414
1198 -0.0418
1199 -0.0406
1200 -0.0387
1201 -0.0358
1202 -0.0321
1203 -0.0303
1204 -0.0395
1205 -0.0535
1206 -0.0386
1207 -0.0305
1208 -0.0284
1209 -0.0264
1210 -0.025
1211 -0.0227
1212 -0.0216
1213 -0.0201
1214 -0.0186
1215 -0.0168
1216 -0.0131
1217 -0.0119
1218 -0.0123
1219 -0.0097
1220 -0.0085
1221 -0.0082
1222 -0.0082
1223 -0.0991
1224 -0.0763
1225 -0.0603
1226 -0.0503
1227 -0.0451
1228 -0.0421
1229 -0.0377
1230 -0.0508
1231 -0.0818
1232 -0.1048
1233 -0.2467
1234 -0.3285
1235 -0.2032
1236 -0.1804
1237 -0.1674
1238 -0.1663
1239 -0.1636
1240 -0.1623
1241 -0.2478
1242 -0.372
1243 -0.2437
1244 -0.1849
1245 -0.176
1246 -0.1723
1247 -0.173
1248 -0.1678
1249 -0.1614
1250 -0.1593
1251 -0.1619
1252 -0.1656
1253 -0.1689
1254 -0.1608
1255 -0.1634
1256 -0.1631
1257 -0.161
1258 -0.1643
1259 -0.1571
1260 -0.1547
1261 -0.157
1262 -0.1577
1263 -0.1574
1264 -0.157
1265 -0.1551
1266 -0.1555
1267 -0.1559
1268 -0.1547
1269 -0.1597
1270 -0.1555
1271 -0.1569
1272 -0.1577
1273 -0.1648
1274 -0.1583
1275 -0.162
1276 -0.1544
1277 -0.1472
1278 -0.1439
1279 -0.142
1280 -0.1171
1281 -0.1029
1282 -0.0933
1283 -0.0902
1284 -0.08
1285 -0.0879
1286 -0.0712
1287 -0.0642
1288 -0.0623
1289 -0.0604
1290 -0.06
1291 -0.0559
1292 -0.054
1293 -0.0525
1294 -0.0935
1295 -0.1091
1296 -0.1062
1297 -0.0892
1298 -0.0888
1299 -0.0882
1300 -0.0859
1301 -0.1288
1302 -0.1516
1303 -0.1055
1304 -0.0816
1305 -0.0612
1306 -0.0522
1307 -0.0441
1308 -0.051
1309 -0.0364
1310 -0.0228
1311 -0.023
1312 -0.0114
1313 -0.0106
1314 -0.0079
1315 -0.0064
1316 -0.0019
1317 -0.0019
1318 -0.0019
1319 -0.0109
1320 -0.0107
1321 -0.0023
1322 -0.0023
1323 -0.0021
1324 -0.0061
1325 -0.0061
1326 -0.0019
1327 -0.0027
1328 -0.0052
1329 -0.0131
1330 -0.0122
1331 -0.0036
1332 -0.0031
1333 -0.0021
1334 -0.0111
1335 -0.0146
1336 -0.0023
1337 -0.0112
1338 -0.0165
1339 -0.0212
1340 -0.0259
1341 -0.0173
1342 -0.0072
1343 -0.0089
1344 -0.0087
1345 -0.0058
1346 -0.0095
1347 -0.0129
1348 -0.0268
1349 -0.0687
1350 -0.0824
1351 -0.0505
1352 -0.0409
1353 -0.0424
1354 -0.0377
1355 -0.0395
1356 -0.0324
1357 -0.0264
1358 -0.0261
1359 -0.0205
1360 -0.0265
1361 -0.0145
1362 -0.0096
1363 -0.0074
1364 -0.0064
1365 -0.0069
1366 -0.0098
1367 -0.0055
1368 -0.0018
1369 -0.0022
1370 -0.0018
1371 -7e-04
1372 -0.0025
1373 -0.0026
1374 -0.0011
1375 -0.0014
1376 -0.0015
1377 -0.0018
1378 -0.0019
1379 -0.0052
1380 -0.0054
1381 -0.0025
1382 -0.003
1383 -0.0031
1384 -0.003
1385 -0.0059
1386 -0.01
1387 -0.0075
1388 -0.0038
1389 -0.004
1390 -0.0041
1391 -0.0044
1392 -0.0067
1393 -0.007
1394 -0.0049
1395 -0.0052
1396 -0.0053
1397 -0.0056
1398 -0.0074
1399 -0.0109
1400 -0.0094
1401 -0.0063
1402 -0.0112
1403 -0.0125
1404 -0.008
1405 -0.0075
1406 -0.0078
1407 -0.0074
1408 -0.0075
1409 -0.0078
1410 -0.0079
1411 -0.009
1412 -0.0095
1413 -0.0134
1414 -0.0137
1415 -0.0091
1416 -0.023
1417 -0.0231
1418 -0.0093
1419 -0.0196
1420 -0.0196
1421 -0.0077
1422 -0.0121
1423 -0.0107
1424 -0.0052
1425 -0.0056
1426 -0.0059
1427 -0.0063
1428 -0.0066
1429 -0.007
1430 -0.0073
1431 -0.0125
1432 -0.0128
1433 -0.0094
1434 -0.0105
1435 -0.0117
1436 -0.0146
1437 -0.013
1438 -0.0181
1439 -0.0317
1440 -0.1249
1441 -0.1668
1442 -0.1053
1443 -0.097
1444 -0.0985
1445 -0.0902
1446 -0.0817
1447 -0.0783
1448 -0.0795
1449 -0.0579
1450 -0.0523
1451 -0.3589
1452 -0.2405
1453 -0.1897
1454 -0.1789
1455 -0.1758
1456 -0.1754
1457 -0.1671
1458 -0.1777
1459 -0.1853
1460 -0.1611
1461 -0.1504
1462 -0.1221
1463 -0.1059
1464 -0.0876
1465 -0.0783
1466 -0.0803
1467 -0.069
1468 -0.0719
1469 -0.0932
1470 -0.1781
1471 -0.2808
1472 -0.209
1473 -0.1824
1474 -0.1722
1475 -0.1726
1476 -0.1617
1477 -0.1503
1478 -0.1339
1479 -0.1114
1480 -0.0908
1481 -0.0787
1482 -0.1044
1483 -0.0988
1484 -0.0719
1485 -0.0586
1486 -0.0575
1487 -0.0514
1488 -0.0451
1489 -0.0399
1490 -0.0523
1491 -0.0552
1492 -0.0619
1493 -0.0609
1494 -0.0815
1495 -0.1026
1496 -0.0973
1497 -0.0996
1498 -0.0769
1499 -0.0479
1500 -0.0318
1501 -0.0332
1502 -0.0138
1503 -0.0116
1504 -0.0108
1505 -0.01
1506 -0.0093
1507 -0.0085
1508 -0.0077
1509 -0.0067
1510 -0.0059
1511 -0.007
1512 -0.012
1513 -0.0106
1514 -0.0042
1515 -0.0031
1516 -0.003
1517 -0.0033
1518 -0.0034
1519 -0.0037
1520 -0.006
1521 -0.0061
1522 -0.0044
1523 -0.0045
1524 -0.0048
1525 -0.0133
1526 -0.0136
1527 -0.0055
1528 -0.0056
1529 -0.0059
1530 -0.0064
1531 -0.0245
1532 -0.0243
1533 -0.0063
1534 -0.0073
1535 -0.0111
1536 -0.0115
1537 -0.0078
1538 -0.0064
1539 -0.0066
1540 -0.0116
1541 -0.0118
1542 -0.0078
1543 -0.0074
1544 -0.0066
1545 -0.017
1546 -0.019
1547 -0.0087
1548 -0.0067
1549 -0.0075
1550 -0.0081
1551 -0.0071
1552 -0.0069
1553 -0.0085
1554 -0.0083
1555 -0.0083
1556 -0.0085
1557 -0.007
1558 -0.0068
1559 -0.0104
1560 -0.0104
1561 -0.0068
1562 -0.007
1563 -0.007
1564 -0.007
1565 -0.007
1566 -0.007
1567 -0.0138
1568 -0.0151
1569 -0.0081
1570 -0.0201
1571 -0.0259
1572 -0.0127
1573 -0.0071
1574 -0.0087
1575 -0.0181
1576 -0.0165
1577 -0.0071
1578 -0.0072
1579 -0.0072
1580 -0.0074
1581 -0.0216
1582 -0.024
1583 -0.0102
1584 -0.0078
1585 -0.0074
1586 -0.0074
1587 -0.0076
1588 -0.0077
1589 -0.0085
1590 -0.0085
1591 -0.0075
1592 -0.0075
1593 -0.0075
1594 -0.0075
1595 -0.0075
1596 -0.0075
1597 -0.0075
1598 -0.0078
1599 -0.0078
1600 -0.0078
1601 -0.0078
1602 -0.0078
1603 -0.0078
1604 -0.0078
1605 -0.0078
1606 -0.0082
1607 -0.0146
1608 -0.0308
1609 -0.0253
1610 -0.0199
1611 -0.0203
1612 -0.0103
1613 -0.0091
1614 -0.0081
1615 -0.0085
1616 -0.0085
1617 -0.0081
1618 -0.0081
1619 -0.0082
1620 -0.0082
1621 -0.0082
1622 -0.0342
1623 -0.0342
1624 -0.0082
1625 -0.0082
1626 -0.0082
1627 -0.0102
1628 -0.0178
1629 -0.0159
1630 -0.0083
1631 -0.0083
1632 -0.0083
1633 -0.0085
1634 -0.0133
1635 -0.0131
1636 -0.0089
1637 -0.0099
1638 -0.0103
1639 -0.0116
1640 -0.0108
1641 -0.0086
1642 -0.0104
1643 -0.0104
1644 -0.0074
1645 -0.0071
1646 -0.0071
1647 -0.0063
1648 -0.0063
1649 -0.0091
1650 -0.0075
1651 -0.0067
1652 -0.0092
1653 -0.009
1654 -0.0078
1655 -0.0071
1656 -0.0074
1657 -0.007
1658 -0.0067
1659 -0.0063
1660 -0.0052
1661 -0.0059
1662 -0.0037
1663 -0.004
1664 -0.0033
1665 -0.0039
1666 -0.0042
1667 -0.0021
1668 -0.0026
1669 -0.0085
1670 -0.0077
1671 -0.0032
1672 -0.0054
1673 -0.0058
1674 -0.0026
1675 -0.0026
1676 -0.0015
1677 -0.0024
1678 -0.0039
1679 -0.0041
1680 -0.0023
1681 -0.0023
1682 -0.0031
1683 -0.0072
1684 -0.0053
1685 -0.0026
1686 -0.002
1687 -0.0022
1688 -0.0026
1689 -0.0022
1690 -0.0018
1691 -0.0071
1692 -0.0205
1693 -0.0124
1694 -0.0044
1695 -0.0204
1696 -0.0362
1697 -0.0191
1698 -0.0212
1699 -0.0082
1700 -0.0044
1701 -7e-04
1702 -0.005
1703 -0.0251
1704 -0.0233
1705 -0.0057
1706 -0.0093
1707 -0.0082
1708 -0.0074
1709 -0.0078
1710 -0.0089
1711 -0.0104
1712 -0.0126
1713 -0.0093
1714 -0.0093
1715 -0.009
1716 -0.0045
1717 -0.0041
1718 -0.0038
1719 -0.011
1720 -0.0145
1721 -0.0072
1722 -0.0037
1723 -0.0041
1724 -0.0044
1725 -0.0041
1726 -0.0336
1727 -0.0354
1728 -0.0058
1729 -0.0732
1730 -0.0615
1731 -0.0028
1732 -0.0219
1733 -0.0828
1734 -0.0337
1735 -0.0111
1736 -0.0044
1737 -0.0022
1738 -0.0021
1739 -0.0037
1740 -0.0028
1741 -0.004
1742 -0.0043
1743 -0.0015
1744 -0.0018
1745 -0.0023
1746 -0.0043
1747 -0.0073
1748 -0.0083
1749 -0.0067
1750 -0.0063
1751 -0.0182
1752 -0.0213
1753 -0.0123
1754 -0.0101
1755 -0.0089
1756 -0.0093
1757 -0.01
1758 -0.0099
1759 -0.0091
1760 -0.0082
1761 -0.0079
1762 -0.0196
1763 -0.0236
1764 -0.0203
1765 -0.021
1766 -0.0203
1767 -0.0251
1768 -0.041
1769 -0.0258
1770 -0.0712
1771 -0.0787
1772 -0.0601
1773 -0.0522
1774 -0.06
1775 -0.0645
1776 -0.0538
1777 -0.0586
1778 -0.0593
1779 -0.0543
1780 -0.058
1781 -0.0514
1782 -0.0481
1783 -0.0472
1784 -0.0467
1785 -0.0457
1786 -0.0427
1787 -0.0398
1788 -0.0417
1789 -0.0396
1790 -0.0353
1791 -0.0335
1792 -0.0302
1793 -0.0286
1794 -0.0271
1795 -0.0254
1796 -0.0665
1797 -0.1213
1798 -0.0809
1799 -0.0649
1800 -0.0637
1801 -0.0537
1802 -0.0477
1803 -0.0448
1804 -0.0506
1805 -0.1388
1806 -0.2266
1807 -0.1936
1808 -0.1787
1809 -0.1677
1810 -0.154
1811 -0.1383
1812 -0.1223
1813 -0.1082
1814 -0.0991
1815 -0.0899
1816 -0.0771
1817 -0.0725
1818 -0.0669
1819 -0.0677
1820 -0.0601
1821 -0.0566
1822 -0.0542
1823 -0.0514
1824 -0.047
1825 -0.0439
1826 -0.0597
1827 -0.1124
1828 -0.2396
1829 -0.3187
1830 -0.2913
1831 -0.2185
1832 -0.199
1833 -0.208
1834 -0.2058
1835 -0.1897
1836 -0.1857
1837 -0.1928
1838 -0.2089
1839 -0.2119
1840 -0.1986
1841 -0.1994
1842 -0.2021
1843 -0.2014
1844 -0.1918
1845 -0.1878
1846 -0.1823
1847 -0.1801
1848 -0.1793
1849 -0.1772
1850 -0.1782
1851 -0.1781
1852 -0.1424
1853 -0.0332
1854 -0.0184
1855 -0.0166
1856 -0.0176
1857 -0.0265
1858 -0.0335
1859 -0.0362
1860 -0.1563
1861 -0.1761
1862 -0.169
1863 -0.1615
1864 -0.1654
1865 -0.1302
1866 -0.1009
1867 -0.0918
1868 -0.0974
1869 -0.0839
1870 -0.0622
1871 -0.0494
1872 -0.0413
1873 -0.0334
1874 -0.0279
1875 -0.0219
1876 -0.0135
1877 -0.0079
1878 -0.0191
1879 -0.0181
1880 -0.0013
1881 -8e-04
1882 -0.001
1883 -0.0027
1884 -0.0023
1885 -8e-04
1886 -0.0011
1887 -0.0014
1888 -0.0055
1889 -0.0072
1890 -0.0034
1891 -0.0015
1892 -0.0015
1893 -0.0089
1894 -0.0157
1895 -0.0206
1896 -0.0233
1897 -0.0297
1898 -0.0152
1899 -0.003
1900 -0.0019
1901 -0.001
1902 -0.0065
1903 -0.0094
1904 -0.0095
1905 -0.0341
1906 -0.0267
1907 -0.0093
1908 -0.0026
1909 -0.0018
1910 -0.003
1911 -0.0033
1912 -0.0019
1913 -4e-04
1914 -0.0021
1915 -0.0034
1916 -0.0024
1917 -0.0017
1918 -0.0013
1919 -0.0011
1920 -0.0015
1921 -0.0068
1922 -0.009
1923 -0.004
1924 -0.024
1925 -0.0182
1926 -0.0023
1927 -0.0022
1928 -0.0019
1929 -0.0021
1930 -0.002
1931 -0.0017
1932 -0.0012
1933 -0.0035
1934 -0.0034
1935 -0.006
1936 -0.0089
1937 -0.0099
1938 -0.013
1939 -0.016
1940 -0.0195
1941 -0.0225
1942 -0.0309
1943 -0.0404
1944 -0.0233
1945 -0.0141
1946 -0.0226
1947 -0.0148
1948 -0.0051
1949 -0.0108
1950 -0.0432
1951 -0.1503
1952 -0.044
1953 -0.0063
1954 -0.002
1955 -0.0011
1956 -0.0413
1957 -0.1622
1958 -0.0448
1959 -0.0154
1960 -0.011
1961 -0.0358
1962 -0.052
1963 -0.0266
1964 -0.0175
1965 -0.0153
1966 -0.0146
1967 -0.0128
1968 -0.0089
1969 -0.0068
1970 -0.0053
1971 -0.0062
1972 -0.0048
1973 -0.0047
1974 -0.0268
1975 -0.29
1976 -0.2528
1977 -0.1632
1978 -0.155
1979 -0.1669
1980 -0.1741
1981 -0.1552
1982 -0.1282
1983 -0.1014
1984 -0.0865
1985 -0.0723
1986 -0.0578
1987 -0.053
1988 -0.0463
1989 -0.0415
1990 -0.0674
1991 -0.0765
1992 -0.0524
1993 -0.0469
1994 -0.0402
1995 -0.0359
1996 -0.032
1997 -0.0462
1998 -0.0455
1999 -0.0316
2000 -0.0318
2001 -0.0367
2002 -0.0342
2003 -0.0257
2004 -0.0313
2005 -0.0299
2006 -0.0201
2007 -0.0483
2008 -0.0892
2009 -0.0594
2010 -0.1581
2011 -0.1992
2012 -0.1551
2013 -0.1439
2014 -0.1417
2015 -0.1291
2016 -0.1108
2017 -0.0976
2018 -0.0839
2019 -0.1299
2020 -0.1377
2021 -0.1122
2022 -0.1066
2023 -0.0973
2024 -0.0881
2025 -0.0871
2026 -0.0886
2027 -0.0782
2028 -0.0744
2029 -0.0667
2030 -0.0629
2031 -0.0571
2032 -0.0534
2033 -0.0496
2034 -0.0601
2035 -0.064
2036 -0.0608
2037 -0.0565
2038 -0.0572
2039 -0.0915
2040 -0.2048
2041 -0.2229
2042 -0.191
2043 -0.1905
2044 -0.1809
2045 -0.2263
2046 -0.2762
2047 -0.2251
2048 -0.2016
2049 -0.1939
2050 -0.1886
2051 -0.1839
2052 -0.1802
2053 -0.2434
2054 -0.2337
2055 -0.1957
2056 -0.1842
2057 -0.1806
2058 -0.1764
2059 -0.1803
2060 -0.1825
2061 -0.1813
2062 -0.1726
2063 -0.1697
2064 -0.1697
2065 -0.172
2066 -0.1857
2067 -0.1771
2068 -0.1696
2069 -0.17
2070 -0.1562
2071 -0.1596
2072 -0.1544
2073 -0.149
2074 -0.1463
2075 -0.1685
2076 -0.2256
2077 -0.1903
2078 -0.1491
2079 -0.1437
2080 -0.1901
2081 -0.1913
2082 -0.1655
2083 -0.1509
2084 -0.1365
2085 -0.1309
2086 -0.1273
2087 -0.1197
2088 -0.1123
2089 -0.1097
2090 -0.1071
2091 -0.104
2092 -0.0996
2093 -0.095
2094 -0.0979
2095 -0.0932
2096 -0.0834
2097 -0.0802
2098 -0.0852
2099 -0.1133
2100 -0.1185
2101 -0.0988
2102 -0.0936
2103 -0.108
2104 -0.1252
2105 -0.149
2106 -0.1319
2107 -0.2019
2108 -0.2601
2109 -0.2666
2110 -0.3153
2111 -0.2824
2112 -0.2277
2113 -0.2103
2114 -0.1991
2115 -0.1873
2116 -0.1978
2117 -0.2001
2118 -0.1944
2119 -0.2051
2120 -0.1898
2121 -0.1869
2122 -0.1786
2123 -0.1783
2124 -0.1807
2125 -0.1769
2126 -0.1856
2127 -0.1794
2128 -0.1775
2129 -0.1778
2130 -0.1808
2131 -0.1818
2132 -0.1804
2133 -0.1816
2134 -0.1801
2135 -0.1789
2136 -0.1816
2137 -0.18
2138 -0.1666
2139 -0.1675
2140 -0.1652
2141 -0.1612
2142 -0.1513
2143 -0.1503
2144 -0.1528
2145 -0.1537
2146 -0.1571
2147 -0.1654
2148 -0.1648
2149 -0.1551
2150 -0.1376
2151 -0.1392
2152 -0.1373
2153 -0.119
2154 -0.1446
2155 -0.1591
2156 -0.1338
2157 -0.1208
2158 -0.126
2159 -0.1495
2160 -0.2738
2161 -0.3306
2162 -0.2149
2163 -0.201
2164 -0.1965
2165 -0.2263
2166 -0.232
2167 -0.1982
2168 -0.1958
2169 -0.1987
2170 -0.1962
2171 -0.1927
2172 -0.1989
2173 -0.1949
2174 -0.1946
2175 -0.1894
2176 -0.1917
2177 -0.192
2178 -0.1911
2179 -0.1972
2180 -0.1967
2181 -0.1876
2182 -0.1756
2183 -0.1656
2184 -0.1537
2185 -0.139
2186 -0.1248
2187 -0.123
2188 -0.1413
2189 -0.1384
2190 -0.1178
2191 -0.1022
2192 -0.0913
2193 -0.0832
2194 -0.0756
2195 -0.0683
2196 -0.0622
2197 -0.0555
2198 -0.0503
2199 -0.0495
2200 -0.047
2201 -0.0488
2202 -0.056
2203 -0.0531
2204 -0.0484
2205 -0.0495
2206 -0.0481
2207 -0.0493
2208 -0.0496
2209 -0.0398
2210 -0.0536
2211 -0.0676
2212 -0.0819
2213 -0.0975
2214 -0.1292
2215 -0.1858
2216 -0.1699
2217 -0.1494
2218 -0.1633
2219 -0.1313
2220 -0.1224
2221 -0.1005
2222 -0.0876
2223 -0.0846
2224 -0.0846
2225 -0.0845
2226 -0.0794
2227 -0.0731
2228 -0.0633
2229 -0.0576
2230 -0.0535
2231 -0.0621
2232 -0.0669
2233 -0.0545
2234 -0.0555
2235 -0.0563
2236 -0.0422
2237 -0.0253
2238 -0.0194
2239 -0.0317
2240 -0.0298
2241 -0.0374
2242 -0.0362
2243 -0.0236
2244 -0.0232
2245 -0.0228
2246 -0.0193
2247 -0.016
2248 -0.0185
2249 -0.0172
2250 -0.0153
2251 -0.0142
2252 -0.0173
2253 -0.0166
2254 -0.0165
2255 -0.0175
2256 -0.0151
2257 -0.0145
2258 -0.0415
2259 -0.048
2260 -0.0505
2261 -0.0365
2262 -0.0201
2263 -0.0195
2264 -0.019
2265 -0.0189
2266 -0.0189
2267 -0.0273
2268 -0.0374
2269 -0.0296
2270 -0.0275
2271 -0.0188
2272 -0.0172
2273 -0.0163
2274 -0.088
2275 -0.0571
2276 -0.0495
2277 -0.0437
2278 -0.0372
2279 -0.0321
2280 -0.025
2281 -0.0201
2282 -0.0168
2283 -0.0234
2284 -0.0329
2285 -0.0274
2286 -0.0174
2287 -0.0161
2288 -0.0154
2289 -0.0149
2290 -0.0187
2291 -0.045
2292 -0.0421
2293 -0.0186
2294 -0.0157
2295 -0.0193
2296 -0.0175
2297 -0.0164
2298 -0.0156
2299 -0.0153
2300 -0.0161
2301 -0.0155
2302 -0.0143
2303 -0.0135
2304 -0.0135
2305 -0.014
2306 -0.0137
2307 -0.0138
2308 -0.0134
2309 -0.0138
2310 -0.0214
2311 -0.0234
2312 -0.015
2313 -0.0173
2314 -0.0165
2315 -0.0141
2316 -0.0135
2317 -0.0134
2318 -0.0135
2319 -0.0134
2320 -0.0133
2321 -0.0131
2322 -0.0126
2323 -0.0127
2324 -0.013
2325 -0.0127
2326 -0.013
2327 -0.0184
2328 -0.0187
2329 -0.0141
2330 -0.0138
2331 -0.0123
2332 -0.0122
2333 -0.0116
2334 -0.0123
2335 -0.0172
2336 -0.0156
2337 -0.0244
2338 -0.0226
2339 -0.014
2340 -0.0138
2341 -0.0135
2342 -0.0134
2343 -0.0134
2344 -0.013
2345 -0.0386
2346 -0.0316
2347 -0.0142
2348 -0.0167
2349 -0.0686
2350 -0.0434
2351 -0.0329
2352 -0.0256
2353 -0.016
2354 -0.0153
2355 -0.0161
2356 -0.0465
2357 -0.0289
2358 -0.0169
2359 -0.0281
2360 -0.0535
2361 -0.0375
2362 -0.022
2363 -0.0193
2364 -0.0183
2365 -0.0175
2366 -0.0168
2367 -0.0168
2368 -0.0172
2369 -0.0169
2370 -0.0167
2371 -0.0164
2372 -0.0189
2373 -0.0181
2374 -0.0168
2375 -0.0167
2376 -0.017
2377 -0.0171
2378 -0.0198
2379 -0.0191
2380 -0.0168
2381 -0.0164
2382 -0.017
2383 -0.0273
2384 -0.0296
2385 -0.0189
2386 -0.0171
2387 -0.0222
2388 -0.0216
2389 -0.0175
2390 -0.0272
2391 -0.0722
2392 -0.0471
2393 -0.0246
2394 -0.0208
2395 -0.0312
2396 -0.0276
