Time [d]	T_in [degC]
1
-1 0.00
1 15.3409
2 15.2883
3 14.9034
4 14.6352
5 14.3989
6 15.2562
7 16.0264
8 15.6816
9 13.7595
10 11.8135
11 12.6713
12 12.9692
13 14.819
14 16.2132
15 16.7999
16 17.0846
17 17.2773
18 16.9819
19 16.8058
20 16.4354
21 16.0664
22 15.2289
23 15.0014
24 15.4024
25 16.302
26 16.6768
27 16.4208
28 17.17
29 17.817
30 16.3374
31 16.3401
32 16.9004
33 17.4589
34 17.2315
35 16.8644
36 17.1284
37 17.1276
38 16.9172
39 17.9521
40 18.4985
41 18.6259
42 18.5155
43 18.0691
44 18.8083
45 18.5847
46 18.5663
47 18.6531
48 18.3465
49 17.1885
50 17.1304
51 17.2282
52 17.5745
53 17.6027
54 17.4857
55 18.0057
56 18.1316
57 17.1228
58 16.7647
59 16.7162
60 17.545
61 17.6819
62 18.1255
63 18.5191
64 18.5864
65 18.7781
66 18.7441
67 18.5808
68 18.5806
69 18.6673
70 18.6218
71 17.882
72 17.6117
73 17.5374
74 17.6271
75 17.2864
76 16.7171
77 16.8929
78 17.3035
79 17.4836
80 17.4031
81 17.6832
82 16.978
83 17.6144
84 17.7993
85 18.2041
86 18.6922
87 19.0254
88 18.9965
89 19.0271
90 18.6297
91 17.4462
92 15.8383
93 15.5866
94 15.5488
95 16.0686
96 16.4855
97 17.3446
98 17.8079
99 18.0519
100 18.065
101 17.0582
102 16.7041
103 16.8538
104 17.9018
105 18.3146
106 19.0448
107 18.8238
108 18.7622
109 18.7164
110 18.9865
111 19.0504
112 17.6296
113 17.5768
114 17.1275
115 16.5518
116 17.4705
117 17.9387
118 18.5992
119 20.0938
120 20.4671
121 19.1359
122 16.9036
123 16.9534
124 17.9103
125 16.5175
126 15.8106
127 17.0147
128 17.6203
129 17.5779
130 16.6645
131 15.9394
132 16.178
133 16.464
134 16.8006
135 16.13
136 16.0029
137 15.3435
138 15.7184
139 16.5038
140 16.8859
141 17.4533
142 17.9701
143 18.4749
144 18.5284
145 17.5443
146 15.1973
147 14.646
148 14.5663
149 15.8493
150 16.096
151 16.1608
152 15.8554
153 15.185
154 15.4341
155 16.0059
156 14.1977
157 13.9453
158 12.4423
159 12.4623
160 13.3912
161 12.3073
162 10.1321
163 9.1257
164 8.8461
165 10.6072
166 11.3122
167 12.59
168 13.1554
169 13.8138
170 14.6408
171 12.6602
172 10.9241
173 9.4531
174 9.2922
175 11.2809
176 11.2535
177 8.6041
178 8.1405
179 8.9911
180 8.2778
181 7.9796
182 5.5755
183 6.1878
184 7.2854
185 9.4194
186 10.4645
187 10.3678
188 7.5157
189 6.6894
190 7.5899
191 9.5194
192 8.5853
193 3.9404
194 3.7225
195 5.2555
196 5.7129
197 3.5322
198 3.9388
199 3.7234
200 4.0518
201 5.516
202 6.3674
203 7.6432
204 9.0552
205 11.2435
206 8.712
207 5.5904
208 5.8422
209 5.9584
210 4.2146
211 3.3856
212 3.2111
213 4.3354
214 4.7505
215 4.2923
216 4.8205
217 3.5347
218 4.3323
219 5.5809
220 7.3554
221 9.9346
222 9.2892
223 5.0979
224 2.771
225 3.1387
226 3.3876
227 4.0314
228 5.9255
229 5.934
230 4.3596
231 3.7876
232 4.2305
233 1.3205
234 1.0666
235 3.4719
236 3.1818
237 0.2532
238 0.2804
239 1.2204
240 2.7441
241 4.6405
242 4.4777
243 4.4509
244 5.3429
245 4.3178
246 2.8152
247 3.0428
248 1.7304
249 2.3806
250 3.2336
251 2.8855
252 0.421
253 0.3916
254 0.2506
255 0.3814
256 0.776
257 1.9877
258 0.2606
259 0.3081
260 0.2926
261 1.192
262 2.6
263 4.2694
264 5.1547
265 4.066
266 4.2949
267 3.0573
268 2.748
269 3.276
270 3.9445
271 3.0775
272 2.1079
273 0.6921
274 0.2081
275 1.8444
276 2.6284
277 2.144
278 2.4559
279 3.4969
280 4.7222
281 4.4592
282 5.6479
283 5.4904
284 6.0479
285 5.1301
286 3.8515
287 3.733
288 2.586
289 2.182
290 2.956
291 5.547
292 4.3118
293 2.3982
294 3.9833
295 3.5552
296 3.2047
297 5.7927
298 7.0083
299 7.014
300 8.9408
301 8.5162
302 4.0558
303 5.0404
304 7.6007
305 5.675
306 3.3831
307 3.9761
308 5.134
309 5.944
310 6.1066
311 6.2692
312 6.4317
313 6.5943
314 6.7569
315 6.9195
316 7.082
317 7.2446
318 7.4072
319 7.5697
320 7.7323
321 7.8949
322 8.0575
323 8.22
324 8.3826
325 8.5452
326 8.7077
327 8.8703
328 9.0329
329 9.1954
330 9.358
331 9.5206
332 9.6832
333 9.8457
334 10.0083
335 10.1709
336 10.3334
337 10.496
338 10.6586
339 10.8212
340 10.9837
341 11.1463
342 11.3089
343 11.4714
344 11.634
345 11.7966
346 11.9591
347 12.1217
348 12.2843
349 11.9965
350 12.6805
351 13.3479
352 13.0467
353 13.2923
354 13.6698
355 13.6317
356 14.0164
357 14.5349
358 14.9564
359 15.0177
360 14.807
361 15.1508
362 15.5157
363 15.8024
364 15.9213
365 15.5625
366 14.6486
367 14.6852
368 15.1161
369 15.4769
370 16.1153
371 16.8329
372 17.1725
373 16.9241
374 16.7678
375 17.1657
376 17.6187
377 18.0374
378 18.1881
379 17.8802
380 18.0917
381 18.0868
382 17.8887
383 18.2267
384 18.6298
385 19.0196
386 19.0382
387 18.9667
388 19.3866
389 19.6675
390 19.9799
391 20.3854
392 20.3806
393 20.2893
394 20.546
395 20.51
396 20.8291
397 21.5202
398 21.7856
399 22.0246
400 22.1716
401 22.1376
402 22.1288
403 22.195
404 22.249
405 22.8919
406 23.4425
407 23.4887
408 23.6714
409 23.6364
410 22.919
411 23.411
412 24.0599
413 24.4199
414 23.517
415 22.7421
416 22.4869
417 22.8524
418 23.4299
419 23.7188
420 23.5198
421 23.4784
422 23.4807
423 23.9452
424 24.1351
425 24.3573
426 23.8722
427 23.0547
428 22.7469
429 22.8926
430 22.8076
431 22.8319
432 23.0819
433 23.666
434 24.3912
435 23.8521
436 23.1863
437 24.4505
438 24.4802
439 23.2076
440 22.2396
441 22.0233
442 22.5264
443 22.1124
444 21.7362
445 22.128
446 22.6192
447 23.4534
448 23.6013
449 23.7626
450 23.335
451 21.5925
452 21.2203
453 20.9297
454 20.3336
455 20.5919
456 20.6033
457 21.2146
458 21.3911
459 21.9186
460 22.0561
461 22.2091
462 22.7221
463 23.306
464 23.1264
465 22.9548
466 21.7465
467 21.6031
468 21.8315
469 22.3445
470 23.1966
471 22.1492
472 23.1355
473 23.6166
474 23.8788
475 23.971
476 23.5521
477 23.5697
478 23.4989
479 23.5948
480 22.6331
481 21.4243
482 21.1458
483 21.3807
484 21.7805
485 21.4609
486 20.3445
487 19.0378
488 19.4268
489 19.8286
490 18.9927
491 19.1123
492 18.8952
493 18.9522
494 19.343
495 18.0533
496 16.6183
497 16.6104
498 17.6406
499 18.0296
500 17.6216
501 17.6319
502 18.1363
503 18.3153
504 18.4257
505 18.6724
506 18.8626
507 16.0615
508 13.7794
509 14.4751
510 15.5044
511 16.171
512 15.6482
513 16.2241
514 16.4053
515 15.0281
516 15.4701
517 17.119
518 16.5774
519 15.5773
520 15.5608
521 15.3644
522 13.7068
523 13.793
524 14.0241
525 12.7831
526 12.1837
527 12.1864
528 12.4135
529 12.9008
530 12.409
531 13.8734
532 13.8362
533 11.4784
534 10.1346
535 9.5942
536 7.4893
537 7.9391
538 9.9401
539 11.143
540 11.686
541 9.2942
542 7.6972
543 8.73
544 8.9908
545 9.3864
546 10.1226
547 8.4948
548 5.2659
549 3.7907
550 5.3183
551 6.3306
552 2.6601
553 1.7089
554 3.3432
555 2.8032
556 2.8224
557 4.7431
558 8.759
559 8.3792
560 6.5748
561 5.9374
562 4.231
563 4.3857
564 5.889
565 8.0556
566 7.2637
567 7.2381
568 6.8111
569 6.4486
570 7.4625
571 6.2057
572 4.623
573 5.4311
574 4.7716
575 3.1039
576 3.7045
577 4.1666
578 4.3758
579 4.6117
580 5.8182
581 6.1985
582 4.3321
583 3.8192
584 3.664
585 4.5696
586 4.4722
587 5.3192
588 6.6328
589 6.1589
590 4.8908
591 5.7451
592 6.9703
593 6.4395
594 4.8253
595 3.803
596 3.6461
597 4.2669
598 4.4319
599 5.204
600 3.9118
601 3.4548
602 2.2991
603 0.9386
604 1.5592
605 1.1477
606 1.6662
607 2.721
608 2.5283
609 2.2642
610 2.3134
611 2.5824
612 2.7261
613 3.2429
614 3.3709
615 3.7129
616 3.8448
617 3.6665
618 3.4748
619 3.5626
620 3.7457
621 3.8314
622 2.6308
623 2.1898
624 2.4868
625 2.6121
626 1.8819
627 3.0466
628 3.3927
629 1.8904
630 2.7036
631 2.1619
632 1.2344
633 2.6033
634 3.9571
635 5.3768
636 4.7108
637 3.8357
638 3.3054
639 1.1122
640 1.7628
641 0.2575
642 0.19
643 0.4916
644 0.9038
645 0.3435
646 0.33
647 0.4869
648 1.76
649 2.1235
650 1.2862
651 1.8776
652 2.1941
653 2.0728
654 1.4854
655 2.1232
656 3.4522
657 2.6454
658 3.8426
659 2.8927
660 2.3135
661 3.1299
662 4.0245
663 4.6393
664 4.8027
665 5.1727
666 5.1133
667 4.5992
668 5.4619
669 6.1251
670 6.7856
671 7.3044
672 6.5517
673 6.0432
674 6.3446
675 7.8005
676 8.4902
677 8.5891
678 8.5034
679 8.3472
680 10.6499
681 9.0742
682 7.185
683 7.2171
684 8.4104
685 9.0077
686 9.5522
687 10.4374
688 11.7002
689 11.1022
690 10.3975
691 11.9332
692 13.2828
693 14.4351
694 14.3194
695 14.2483
696 13.7042
697 13.3441
698 14.3117
699 14.7313
700 13.7032
701 13.3611
702 15.1717
703 16.5672
704 16.0444
705 15.2083
706 14.6412
707 14.3769
708 13.5394
709 13.0878
710 12.3716
711 11.9534
712 12.2715
713 12.8116
714 13.802
715 14.3232
716 13.9124
717 14.3287
718 15.1286
719 16.356
720 17.6368
721 18.5399
722 19.0932
723 19.5709
724 20.0966
725 20.4206
726 21.0454
727 21.2425
728 18.8926
729 17.5455
730 18.3531
731 19.6629
732 20.577
733 20.8859
734 21.2554
735 20.0946
736 18.4245
737 17.2871
738 17.5275
739 18.3769
740 19.1726
741 19.9697
742 20.87
743 21.1655
744 21.3962
745 21.5897
746 21.7387
747 21.7692
748 21.4554
749 20.0835
750 19.7245
751 20.1122
752 21.0928
753 21.1755
754 21.1401
755 21.5275
756 21.9533
757 22.9149
758 23.5328
759 23.7526
760 23.7292
761 24.2291
762 24.48
763 24.0002
764 23.9052
765 24.0016
766 24.2429
767 24.2856
768 24.2624
769 24.7959
770 24.1989
771 23.8337
772 23.8247
773 23.1808
774 21.4979
775 20.8651
776 21.5696
777 21.6092
778 21.7601
779 21.0793
780 21.4879
781 21.612
782 21.9239
783 22.6157
784 22.9734
785 23.3597
786 23.4671
787 23.2606
788 23.0168
789 22.8192
790 23.7328
791 23.4267
792 23.3447
793 23.3428
794 24.062
795 24.8528
796 25.0281
797 24.5648
798 23.5753
799 22.8772
800 23.1623
801 23.282
802 23.5113
803 23.6628
804 23.7101
805 23.9136
806 24.1917
807 22.8644
808 22.4209
809 21.5301
810 21.6954
811 22.7536
812 22.895
813 22.1646
814 21.1985
815 21.2711
816 21.6223
817 21.6739
818 22.2982
819 21.8359
820 21.2862
821 21.4882
822 22.1501
823 22.3359
824 22.6644
825 22.6513
826 22.9148
827 22.8536
828 21.4692
829 20.774
830 21.1417
831 21.9014
832 20.3653
833 19.2399
834 18.7961
835 19.3307
836 19.587
837 19.8975
838 20.2428
839 20.6805
840 21.1692
841 20.9055
842 20.7429
843 21.1856
844 20.9239
845 20.8824
846 21.3457
847 21.6798
848 21.5729
849 20.486
850 19.7499
851 16.5895
852 15.3682
853 16.319
854 16.9079
855 17.144
856 17.4777
857 17.8454
858 18.5862
859 16.8206
860 17.4509
861 17.8799
862 17.738
863 17.5876
864 17.2116
865 17.4046
866 18.6293
867 18.7684
868 19.2761
869 18.4483
870 16.8729
871 15.7251
872 16.032
873 16.0722
874 16.228
875 17.069
876 17.639
877 18.0735
878 17.1588
879 16.6202
880 16.8934
881 17.1578
882 16.6288
883 15.9965
884 15.7973
885 14.5723
886 13.5067
887 13.2733
888 13.8145
889 14.2932
890 14.6509
891 15.3637
892 14.7369
893 14.8684
894 13.5647
895 12.562
896 13.8003
897 13.9667
898 12.8684
899 12.4428
900 13.4289
901 13.6452
902 13.9481
903 14.4739
904 15.2325
905 15.9377
906 15.3814
907 12.7611
908 11.8531
909 12.9792
910 12.4079
911 12.6026
912 11.2304
913 10.1303
914 10.12
915 10.424
916 10.7879
917 11.0933
918 12.1736
919 10.1998
920 9.3934
921 9.0635
922 7.9865
923 8.029
924 7.9881
925 8.6549
926 9.2573
927 9.838
928 10.5486
929 9.3825
930 9.2139
931 9.9859
932 8.3468
933 7.6895
934 7.6479
935 7.5713
936 7.9198
937 7.7354
938 7.8256
939 8.2593
940 8.7473
941 9.6766
942 10.2045
943 10.9726
944 10.2226
945 9.206
946 9.5986
947 8.3484
948 6.5516
949 6.5516
950 7.117
951 8.1758
952 9.1157
953 10.2638
954 10.7379
955 10.9872
956 11.4915
957 10.7348
958 10.0865
959 10.3865
960 10.0746
961 8.3736
962 7.035
963 6.687
964 5.7957
965 4.6361
966 4.2975
967 4.6344
968 5.1643
969 5.8163
970 5.957
971 3.9483
972 3.9427
973 2.9802
974 3.8927
975 4.0655
976 4.5516
977 3.8679
978 2.073
979 1.1662
980 1.5001
981 1.8704
982 0.5026
983 1.1675
984 1.768
985 2.4299
986 2.8754
987 2.9135
988 2.6972
989 2.7344
990 2.9615
991 3.6562
992 4.1428
993 4.2595
994 4.8326
995 4.7739
996 3.6344
997 3.5177
998 3.669
999 3.7322
1000 3.3526
1001 2.6154
1002 2.1606
1003 2.3648
1004 1.6834
1005 1.4493
1006 1.2681
1007 2.8755
1008 3.4857
1009 3.4393
1010 3.5562
1011 4.4505
1012 4.9411
1013 5.1144
1014 4.9834
1015 5.4616
1016 4.7351
1017 4.1118
1018 4.3069
1019 5.0944
1020 5.8438
1021 6.2835
1022 5.6229
1023 4.8774
1024 5.4841
1025 5.7091
1026 6.35
1027 6.8684
1028 8.2564
1029 9.1978
1030 10.5923
1031 11.6582
1032 12.3223
1033 12.7292
1034 12.5188
1035 12.8003
1036 13.201
1037 12.6089
1038 12.2765
1039 11.0137
1040 10.2145
1041 9.3072
1042 9.6113
1043 10.4727
1044 11.5394
1045 12.5502
1046 11.6489
1047 11.8479
1048 12.1549
1049 11.4064
1050 11.533
1051 12.2331
1052 13.5469
1053 13.1719
1054 11.0776
1055 12.0502
1056 11.0434
1057 10.6646
1058 11.2953
1059 10.4209
1060 9.2374
1061 9.3805
1062 11.153
1063 12.2382
1064 11.6789
1065 12.0756
1066 12.3369
1067 12.822
1068 13.9155
1069 15.209
1070 16.1655
1071 15.9173
1072 16.1101
1073 16.0229
1074 15.8649
1075 15.7583
1076 16.8129
1077 17.9462
1078 18.4481
1079 18.7155
1080 18.8896
1081 17.703
1082 17.0396
1083 18.2144
1084 18.2074
1085 17.4121
1086 15.8171
1087 15.2221
1088 15.8391
1089 16.5955
1090 16.6799
1091 17.2726
1092 17.6679
1093 18.471
1094 18.6018
1095 17.6889
1096 15.6818
1097 15.3969
1098 15.855
1099 15.504
1100 15.6706
1101 15.6639
1102 15.9884
1103 16.0148
1104 16.058
1105 17.0124
1106 18.2821
1107 19.6798
1108 20.8761
1109 21.5776
1110 20.8071
1111 20.8669
1112 21.8412
1113 22.3946
1114 22.6774
1115 22.7041
1116 22.9097
1117 22.8436
1118 22.2816
1119 21.7479
1120 19.9371
1121 19.6555
1122 20.4058
1123 21.6308
1124 22.2513
1125 20.6176
1126 20.9007
1127 21.3989
1128 22.4074
1129 22.0341
1130 21.5642
1131 21.373
1132 22.0354
1133 22.691
1134 22.1401
1135 21.639
1136 21.7214
1137 22.134
1138 22.4497
1139 22.7982
1140 23.1354
1141 22.8005
1142 22.241
1143 22.9855
1144 23.0648
1145 22.3108
1146 21.8302
1147 22.5953
1148 23.238
1149 23.2465
1150 22.8238
1151 22.9566
1152 22.8457
1153 23.0805
1154 23.427
1155 23.5585
1156 24.0268
1157 24.1681
1158 23.9411
1159 24.1348
1160 24.8716
1161 24.641
1162 24.2403
1163 24.1845
1164 24.6363
1165 24.9166
1166 25.2974
1167 25.268
1168 25.5672
1169 25.4028
1170 25.3591
1171 25.0049
1172 25.4787
1173 25.2967
1174 25.2309
1175 25.2464
1176 24.3258
1177 23.1733
1178 23.3716
1179 24.0886
1180 24.0037
1181 22.9675
1182 22.5625
1183 23.3303
1184 24.1633
1185 24.9283
1186 25.3509
1187 25.266
1188 24.7143
1189 24.7883
1190 24.6491
1191 24.1445
1192 23.7914
1193 23.8199
1194 23.6781
1195 22.086
1196 21.7202
1197 22.3299
1198 23.333
1199 24.0793
1200 24.2686
1201 23.5425
1202 23.2174
1203 23.4487
1204 23.4166
1205 22.5946
1206 21.0841
1207 20.3441
1208 20.511
1209 20.7147
1210 21.3053
1211 22.0447
1212 22.3189
1213 22.5028
1214 22.6858
1215 21.6367
1216 20.0347
1217 21.1206
1218 21.4601
1219 20.4404
1220 19.6703
1221 19.9498
1222 20.1828
1223 21.2855
1224 21.9492
1225 21.7315
1226 21.4167
1227 21.3944
1228 21.7558
1229 20.9361
1230 20.0713
1231 20.7095
1232 20.5207
1233 20.0653
1234 19.1701
1235 19.7416
1236 20.0516
1237 19.9142
1238 19.8647
1239 19.3224
1240 18.9986
1241 18.7645
1242 17.9049
1243 16.8443
1244 16.3226
1245 16.0081
1246 16.0448
1247 16.3835
1248 15.7965
1249 16.5177
1250 16.9308
1251 17.6217
1252 17.9952
1253 18.4143
1254 19.2489
1255 17.9036
1256 14.9543
1257 15.0855
1258 15.2203
1259 14.5605
1260 14.0871
1261 14.5343
1262 14.6516
1263 15.0099
1264 15.3001
1265 15.2367
1266 15.4806
1267 15.7245
1268 15.7066
1269 14.9527
1270 14.2172
1271 14.0437
1272 13.7853
1273 13.7332
1274 13.143
1275 12.4845
1276 12.4783
1277 11.3519
1278 11.1263
1279 11.0468
1280 11.0662
1281 11.2542
1282 11.5089
1283 11.9798
1284 10.3882
1285 7.8694
1286 7.1961
1287 7.4335
1288 8.5077
1289 9.582
1290 10.1033
1291 7.9059
1292 7.5107
1293 8.1927
1294 10.0588
1295 9.2407
1296 8.4225
1297 7.8564
1298 7.2157
1299 7.5274
1300 7.839
1301 7.6188
1302 7.3986
1303 5.9923
1304 4.5859
1305 4.085
1306 4.3145
1307 7.2791
1308 6.63
1309 5.5475
1310 2.0417
1311 0.9925
1312 5.0068
1313 4.8793
1314 4.7519
1315 2.6352
1316 3.8091
1317 4.9789
1318 4.2979
1319 5.5696
1320 6.8413
1321 8.1129
1322 9.3846
1323 5.8869
1324 6.3058
1325 3.5587
1326 2.8264
1327 6.0089
1328 6.2508
1329 6.4926
1330 6.7345
1331 4.13
1332 2.695
1333 1.26
1334 0.2764
1335 0.2706
1336 0.5
1337 3.585
1338 6.931
1339 8.6697
1340 7
1341 7.2754
1342 7.5508
1343 7.8262
1344 8.1016
1345 7.1754
1346 8.0086
1347 7.9914
1348 7.9068
1349 7.8222
1350 7.7376
1351 7.7394
1352 7.4863
1353 5.5629
1354 5.193
1355 5.4471
1356 4.0586
1357 5.5664
1358 5.683
1359 5.8238
1360 4.2856
1361 2.5885
1362 5.23
1363 6.4016
1364 8.4912
1365 9.2107
1366 5.4652
1367 3.63
1368 7.97
1369 10.7388
1370 6.0036
1371 4.9629
1372 6.0511
1373 4.1867
1374 6.6063
1375 7.2286
1376 9.6885
1377 8.5971
1378 9.2639
1379 8.0212
1380 11.592
1381 11.463
1382 10.6014
1383 6.9607
1384 6.1916
1385 9.5384
1386 10.4948
1387 7.8755
1388 5.6307
1389 5.3198
1390 5.1403
1391 6.3224
1392 8.9375
1393 9.5688
1394 8.896
1395 8.0492
1396 4.7207
1397 4.8957
1398 4.3191
1399 3.8478
1400 1.0505
1401 1.9073
1402 3.0961
1403 6.3164
1404 6.4591
1405 6.7303
1406 9.8971
1407 8.6351
1408 6.2956
1409 8.0731
1410 10.8124
1411 11.0494
1412 13.3785
1413 13.5911
1414 13.5242
1415 11.48
1416 11.5948
1417 11.7894
1418 10.9908
1419 10.5602
1420 13.492
1421 12.7772
1422 12.3978
1423 8.1065
1424 9.4013
1425 10.8352
1426 12.3602
1427 14.3184
1428 15.1284
1429 14.6246
1430 15.2681
1431 15.5109
1432 16.0701
1433 15.3739
1434 15.1963
1435 12.817
1436 15.0448
1437 16.5691
1438 15.2105
1439 11.918
1440 11.2898
1441 12.1893
1442 14.5347
1443 15.7507
1444 17.033
1445 18.8517
1446 19.5683
1447 19.1206
1448 17.2605
1449 16.1802
1450 14.9428
1451 15.5587
1452 14.8434
1453 14.4551
1454 14.3539
1455 14.2315
1456 15.9309
1457 17.4142
1458 15.3076
1459 15.1888
1460 16.0624
1461 17.0705
1462 17.4343
1463 19.2659
1464 20.1608
1465 20.5692
1466 20.3436
1467 18.3179
1468 18.2266
1469 17.1278
1470 16.5142
1471 16.2931
1472 17.3466
1473 18.6727
1474 19.8097
1475 20.0284
1476 20.4683
1477 20.2573
1478 20.2418
1479 19.9795
1480 19.9555
1481 20.4443
1482 20.2025
1483 19.749
1484 18.4817
1485 17.7302
1486 18.1018
1487 19.1185
1488 20.183
1489 20.7081
1490 20.8694
1491 20.8963
1492 21.0337
1493 20.9334
1494 20.7458
1495 22.2267
1496 22.1407
1497 21.8446
1498 22.3085
1499 21.9246
1500 21.6977
1501 20.8586
1502 19.0051
1503 17.2531
1504 16.7651
1505 16.384
1506 17.5159
1507 18.3103
1508 19.1731
1509 19.2891
1510 19.0236
1511 19.0997
1512 18.6661
1513 18.7589
1514 19.3706
1515 19.2664
1516 18.76
1517 19.0979
1518 19.4264
1519 19.9511
1520 20.2805
1521 20.5984
1522 20.4188
1523 19.5449
1524 19.5017
1525 19.5088
1526 19.6598
1527 20.3962
1528 20.5884
1529 21.1365
1530 21.4417
1531 20.8173
1532 20.5792
1533 19.4643
1534 19.6721
1535 19.5469
1536 18.8023
1537 17.6269
1538 17.8369
1539 18.7372
1540 18.6746
1541 19.0409
1542 19.3365
1543 18.5248
1544 17.4691
1545 18.758
1546 18.8635
1547 18.2448
1548 17.7444
1549 18.4056
1550 19.111
1551 19.5067
1552 19.0692
1553 19.4585
1554 19.9829
1555 20.4238
1556 21.0563
1557 20.5042
1558 20.2244
1559 20.6219
1560 20.911
1561 20.7482
1562 18.8126
1563 17.6944
1564 17.9186
1565 18.0166
1566 17.0603
1567 16.6029
1568 17.179
1569 17.8504
1570 16.692
1571 14.7228
1572 15.8683
1573 16.7656
1574 17.7755
1575 16.3116
1576 14.2051
1577 13.9286
1578 14.3455
1579 13.6209
1580 13.6621
1581 14.4756
1582 16.3978
1583 16.5092
1584 16.4006
1585 16.9205
1586 17.398
1587 17.7366
1588 17.8246
1589 18.1839
1590 18.1351
1591 19.1847
1592 18.407
1593 18.0107
1594 18.4339
1595 18.8769
1596 19.0626
1597 19.1204
1598 16.9175
1599 15.2891
1600 12.9262
1601 12.8916
1602 13.6857
1603 14.114
1604 15.1214
1605 15.9504
1606 16.3248
1607 17.6561
1608 19.3393
1609 19.2574
1610 19.5654
1611 18.4558
1612 16.3458
1613 17.2324
1614 16.326
1615 16.0353
1616 15.7446
1617 15.4539
1618 15.1631
1619 14.8724
1620 14.5817
1621 14.291
1622 14.0003
1623 13.7096
1624 13.4189
1625 13.1282
1626 12.8374
1627 12.5467
1628 12.256
1629 11.9653
1630 11.6746
1631 11.3839
1632 11.0932
1633 10.8024
1634 10.5117
1635 10.221
1636 9.9303
1637 9.6396
1638 9.3489
1639 9.0582
1640 8.7675
1641 8.4767
1642 8.186
1643 7.8953
1644 7.2951
1645 7.3375
1646 7.549
1647 6.1892
1648 7.4035
1649 7.6882
1650 5.2898
1651 5.9479
1652 7.0029
1653 4.6227
1654 4.852
1655 6.1401
1656 6.0947
1657 5.627
1658 5.8891
1659 6.4783
1660 7.0443
1661 7.1235
1662 6.4228
1663 6.633
1664 6.3557
1665 7.4673
1666 6.6905
1667 5.5908
1668 4.314
1669 3.928
1670 2.7184
1671 2.9494
1672 3.3013
1673 0.8573
1674 2.5328
1675 2.1054
1676 2.138
1677 3.2298
1678 5.2755
1679 5.9545
1680 6.7396
1681 4.7987
1682 5.6178
1683 7.8645
1684 6.0382
1685 2.4845
1686 1.6299
1687 1.5084
1688 0.2771
1689 0.2604
1690 0.2555
1691 0.2138
1692 0.1809
1693 0.1724
1694 0.1052
1695 -0.0682
1696 -0.3025
1697 -1.0428
1698 -1.2658
1699 -0.4297
1700 0.2212
1701 0.2685
1702 0.2594
1703 2.6067
1704 2.0327
1705 0.2303
1706 0.2368
1707 0.2464
1708 0.2081
1709 0.2212
1710 0.2462
1711 0.435
1712 2.691
1713 4.6719
1714 5.8927
1715 3.6049
1716 2.1764
1717 2.1473
1718 3.3941
1719 5.6485
1720 5.1495
1721 2.0078
1722 0.9441
1723 2.4587
1724 1.7499
1725 0.3057
1726 0.5597
1727 1.6744
1728 2.1591
1729 2.9131
1730 2.6871
1731 2.7457
1732 4.1137
1733 7.1514
1734 7.6641
1735 5.6416
1736 5.8762
1737 9.1304
1738 9.9151
1739 6.272
1740 6.0506
1741 6.5546
1742 9.096
1743 10.9044
1744 12.7169
1745 10.8165
1746 11.1411
1747 11.8334
1748 9.9539
1749 7.8217
1750 8.1428
1751 9.2743
1752 6.7789
1753 5.2123
1754 5.6586
1755 5.7673
1756 4.9697
1757 5.4223
1758 4.3035
1759 3.6685
1760 4.577
1761 5.5891
1762 3.7149
1763 3.9694
1764 3.1249
1765 4.2656
1766 5.5354
1767 6.1315
1768 8.1904
1769 8.641
1770 7.2188
1771 5.2289
1772 5.4051
1773 5.7069
1774 4.7389
1775 5.7117
1776 6.1061
1777 5.6503
1778 7.7721
1779 10.1432
1780 10.6068
1781 8.9767
1782 9.5019
1783 10.2411
1784 9.967
1785 10.7253
1786 8.5069
1787 9.5411
1788 9.125
1789 8.2227
1790 7.444
1791 8.7718
1792 9.6321
1793 11.1657
1794 12.982
1795 14.399
1796 14.4448
1797 12.2136
1798 10.5617
1799 12.4288
1800 11.5876
1801 10.8227
1802 11.5033
1803 12.0704
1804 11.969
1805 11.3607
1806 12.1661
1807 13.0201
1808 14.0182
1809 14.4022
1810 13.03
1811 13.3093
1812 14.4236
1813 16.0705
1814 17.5535
1815 18.8568
1816 18.5923
1817 17.9849
1818 17.3202
1819 17.6078
1820 17.8228
1821 18.4222
1822 19.1846
1823 20.4144
1824 21.0675
1825 21.5442
1826 21.0005
1827 20.1577
1828 19.9583
1829 18.1505
1830 17.7242
1831 19.3894
1832 20.8702
1833 21.2784
1834 21.5515
1835 22.0754
1836 22.4361
1837 22.4927
1838 22.4193
1839 22.026
1840 21.9347
1841 22.1151
1842 22.5185
1843 22.6523
1844 22.5862
1845 22.6713
1846 22.3719
1847 22.0535
1848 22.2202
1849 22.2152
1850 23.2117
1851 24.2015
1852 23.3617
1853 19.7041
1854 17.3723
1855 18.2472
1856 19.3901
1857 19.1227
1858 20.1766
1859 21.4332
1860 24.737
1861 26.0231
1862 26.0146
1863 25.4933
1864 25.0223
1865 24.4092
1866 24.2551
1867 23.5923
1868 22.1661
1869 21.8117
1870 22.2665
1871 22.4867
1872 22.8705
1873 23.2232
1874 23.3528
1875 23.3886
1876 23.3397
1877 22.6543
1878 21.9492
1879 20.0475
1880 18.4096
1881 18.2706
1882 19.5145
1883 20.5858
1884 20.6195
1885 20.5859
1886 20.0862
1887 20.2506
1888 20.931
1889 21.0748
1890 20.4148
1891 18.9759
1892 19.2485
1893 19.3557
1894 19.042
1895 18.9587
1896 19.389
1897 19.1577
1898 19.604
1899 20.0864
1900 19.7999
1901 19.244
1902 19.8555
1903 19.4264
1904 19.8906
1905 19.7009
1906 19.1111
1907 19.664
1908 20.3637
1909 20.6046
1910 20.7632
1911 20.8025
1912 20.7215
1913 20.3407
1914 20.5299
1915 20.0085
1916 19.3985
1917 18.8217
1918 19.1046
1919 20.0697
1920 20.8776
1921 20.466
1922 20.1869
1923 20.0305
1924 20.16
1925 19.8529
1926 17.6858
1927 16.7946
1928 17.3564
1929 18.319
1930 19.8564
1931 20.448
1932 20.7037
1933 20.8805
1934 20.4367
1935 20.2593
1936 20.0485
1937 20.8565
1938 21.1256
1939 21.3304
1940 21.0014
1941 21.0059
1942 20.4693
1943 17.7854
1944 17.4676
1945 18.5356
1946 19.2385
1947 19.7874
1948 19.9364
1949 19.806
1950 19.4269
1951 19.4578
1952 19.4108
1953 19.2999
1954 19.7402
1955 20.3711
1956 20.0111
1957 17.9377
1958 17.087
1959 17.7583
1960 18.4175
1961 17.5107
1962 16.9465
1963 17.0695
1964 17.0877
1965 18.019
1966 18.4229
1967 18.7971
1968 19.1808
1969 19.3911
1970 19.1849
1971 19.3694
1972 19.5387
1973 19.2971
1974 19.1385
1975 19.034
1976 16.995
1977 16.4398
1978 15.8619
1979 16.9295
1980 16.8824
1981 15.9825
1982 14.5701
1983 14.3596
1984 14.9314
1985 11.9542
1986 11.4794
1987 12.3609
1988 11.5028
1989 10.5493
1990 10.3007
1991 11.1505
1992 11.0856
1993 10.7992
1994 10.5796
1995 11.8647
1996 13.009
1997 13.8831
1998 10.9378
1999 10.1506
2000 11.6126
2001 12.4864
2002 11.819
2003 11.6982
2004 10.311
2005 8.077
2006 6.2357
2007 6.5743
2008 8.5786
2009 7.9847
2010 7.5105
2011 8.0229
2012 8.1175
2013 8.166
2014 8.5987
2015 8.548
2016 7.4521
2017 7.2945
2018 6.0604
2019 6.3669
2020 7.4544
2021 7.6702
2022 5.6926
2023 3.8966
2024 4.6338
2025 6.613
2026 6.46
2027 7.1291
2028 7.0272
2029 5.7977
2030 5.0964
2031 4.3724
2032 4.7164
2033 4.4161
2034 1.958
2035 3.6596
2036 3.0649
2037 3.7509
2038 4.4279
2039 4.6804
2040 5.7608
2041 5.98
2042 5.4025
2043 4.7509
2044 4.6664
2045 5.5084
2046 6.9216
2047 5.5727
2048 5.1755
2049 4.9589
2050 4.7806
2051 4.4919
2052 4.6101
2053 5.7643
2054 6.1419
2055 5.9739
2056 6.2933
2057 6.9191
2058 6.1617
2059 6.369
2060 6.1063
2061 6.2535
2062 5.9628
2063 5.6884
2064 6.4259
2065 5.4665
2066 3.7705
2067 3.4786
2068 3.4648
2069 3.2991
2070 3.579
2071 3.742
2072 3.5771
2073 3.3302
2074 4.106
2075 4.1434
2076 3.6905
2077 1.3245
2078 1.7139
2079 3.1187
2080 4.3007
2081 2.8461
2082 2.6816
2083 3.0083
2084 3.4169
2085 3.2822
2086 1.9857
2087 1.6218
2088 2.7114
2089 3.5382
2090 4.6214
2091 5.0475
2092 6.0566
2093 6.3624
2094 7.5664
2095 6.8695
2096 4.335
2097 3.8206
2098 5.0311
2099 4.7755
2100 4.7637
2101 4.979
2102 6.1724
2103 5.6647
2104 4.6497
2105 5.178
2106 4.8675
2107 3.4522
2108 5.2185
2109 5.569
2110 5.5351
2111 6.0362
2112 5.1311
2113 5.6501
2114 5.591
2115 6.4874
2116 5.7334
2117 6.5055
2118 6.1282
2119 5.4806
2120 4.9576
2121 4.4268
2122 4.726
2123 4.7344
2124 4.9725
2125 6.1633
2126 6.1016
2127 5.8295
2128 6.2728
2129 7.6523
2130 8.7864
2131 7.2803
2132 7.2817
2133 7.3181
2134 7.2953
2135 7.6744
2136 8.3844
2137 7.9911
2138 7.6116
2139 8.2903
2140 9.0726
2141 9.2511
2142 8.6871
2143 9.2636
2144 10.4109
2145 11.4666
2146 11.1244
2147 9.2625
2148 9.0109
2149 9.9302
2150 10.9882
2151 10.8041
2152 11.8309
2153 12.3131
2154 13.0772
2155 13.7762
2156 13.74
2157 14.126
2158 14.4519
2159 14.5658
2160 14.3834
2161 12.6753
2162 12.622
2163 14.1231
2164 15.3758
2165 15.5501
2166 14.2302
2167 13.8486
2168 14.3267
2169 15.529
2170 16.3532
2171 16.7806
2172 16.1058
2173 14.7848
2174 15.7818
2175 14.9822
2176 16.3771
2177 17.9237
2178 18.8425
2179 19.5312
2180 19.7192
2181 19.4309
2182 19.2669
2183 19.1028
2184 19.6682
2185 19.7828
2186 19.7043
2187 19.4602
2188 19.2897
2189 17.9961
2190 16.1145
2191 15.8996
2192 16.5946
2193 17.6326
2194 18.633
2195 19.7027
2196 19.7286
2197 18.7505
2198 17.8501
2199 19.2118
2200 20.0956
2201 20.3569
2202 20.5558
2203 20.7534
2204 20.9509
2205 20.9627
2206 20.5243
2207 19.8348
2208 19.1902
2209 19.3172
2210 18.2577
2211 17.1436
2212 18.0352
2213 18.3638
2214 18.6924
2215 18.1773
2216 18.9086
2217 19.5087
2218 19.087
2219 18.813
2220 18.9328
2221 17.701
2222 18.3533
2223 19.5144
2224 19.9636
2225 20.4129
2226 20.6182
2227 20.7097
2228 19.2928
2229 18.7061
2230 18.6746
2231 19.5182
2232 20.3619
2233 20.2018
2234 20.4856
2235 20.7695
2236 20.4796
2237 20.7581
2238 20.3978
2239 19.92
2240 20.6114
2241 20.9734
2242 20.7082
2243 21.2465
2244 21.0899
2245 20.9991
2246 20.0651
2247 20.2858
2248 20.7266
2249 20.7168
2250 20.7799
2251 20.9913
2252 21.0719
2253 20.6533
2254 21.1015
2255 21.3042
2256 21.6319
2257 22.0557
2258 21.4719
2259 20.5791
2260 18.9566
2261 18.2923
2262 18.1179
2263 18.4467
2264 18.9583
2265 19.3054
2266 19.9095
2267 19.8589
2268 19.1325
2269 19.0918
2270 18.9808
2271 19.5083
2272 20.0443
2273 19.7891
2274 20.2884
2275 21.4552
2276 21.5532
2277 21.4452
2278 21.0552
2279 19.8897
2280 20.2618
2281 21.3682
2282 21.4358
2283 21.187
2284 21.0202
2285 21.2556
2286 21.1643
2287 21.2246
2288 21.1392
2289 21.2143
2290 21.1385
2291 20.6393
2292 18.2842
2293 17.3313
2294 17.356
2295 17.7985
2296 18.7183
2297 17.7367
2298 17.4882
2299 18.9698
2300 19.4698
2301 19.3792
2302 19.5906
2303 19.9441
2304 20.1818
2305 19.336
2306 18.6742
2307 18.2737
2308 19.3712
2309 19.7332
2310 20.4042
2311 20.5278
2312 19.8759
2313 19.1119
2314 19.4666
2315 19.3173
2316 19.2569
2317 18.5029
2318 16.3681
2319 16.7872
2320 17.2063
2321 18.7071
2322 18.8114
2323 18.1276
2324 16.5108
2325 17.8681
2326 17.8858
2327 18.9133
2328 19.8201
2329 19.907
2330 19.8566
2331 20.373
2332 20.1852
2333 19.589
2334 15.1552
2335 14.9977
2336 16.6625
2337 15.1947
2338 14.3287
2339 14.7157
2340 14.5205
2341 14.7871
2342 13.5695
2343 13.2568
2344 12.5468
2345 12.2979
2346 10.0219
2347 10.0476
2348 9.8922
2349 11.7506
2350 12.9152
2351 13.3915
2352 11.5602
2353 10.3863
2354 10.9709
2355 12.5258
2356 14.4819
2357 13.3919
2358 13.2861
2359 13.964
2360 15.4326
2361 9.7299
2362 8.3771
2363 7.9669
2364 7.6957
2365 8.7575
2366 9.022
2367 9.592
2368 7.0131
2369 4.7708
2370 6.3977
2371 8.546
2372 6.7443
2373 2.3181
2374 2.8519
2375 4.5743
2376 4.4425
2377 4.6575
2378 5.762
2379 5.9473
2380 6.3022
2381 6.203
2382 7.7368
2383 6.1443
2384 5.7433
2385 5.495
2386 6.2452
2387 7.8964
2388 5.8064
2389 5.9026
2390 6.608
2391 6.7284
2392 5.8976
2393 4.2372
2394 3.9514
2395 3.9326
2396 4.5699
